hostname : sth-c5.uncc.edu
bounding: [1053872.965;1068485.726]x[860186.8419;879395.9741]x[3;730]
read 11056 observations
res: 50 50 1 bw: 2500 2500 1
voxsize: 294x386x728 size:315.156372MB
voxBW: 50 1
Initialization time: 0.042919
intersect: 121724
decomposition time: 0.008420 seconds
max load: 2148 avgloadperbox: 21.59375 avgloadpercore: 5528
compute: 1.047319 seconds
evaluations: 328518142
time: 1.099153 seconds
