bounding: [1053872.965;1068485.726]x[860186.8419;879395.9741]x[3;730]
read 11056 observations
res: 100 100 1 bw: 250 250 1
voxsize: 148x194x728 size:79.736084MB
voxBW: 3 1
Initialization time: 0.009209
adding 1064383.17,877617.301,3 to 1053872.97;1068485.73 876994.833;879395.974 3;730
intersect: 13364
decomposition time: 0.000821 seconds
max load: 3585 avgloadperbox: 1382 avgloadpercore: 2764
compute: 0.002506 seconds
evaluations: 792912
time: 0.012662 seconds
