hostname : sth-c12.uncc.edu
bounding: [1053872.965;1068485.726]x[860186.8419;879395.9741]x[3;730]
read 11056 observations
res: 100 100 1 bw: 250 250 1
voxsize: 148x194x728 size:79.736084MB
voxBW: 3 1
Initialization time: 0.024715
intersect: 13401
decomposition time: 0.002604 seconds
max load: 2179 avgloadperbox: 345.5 avgloadpercore: 5528
compute: 0.011093 seconds
evaluations: 792912
time: 0.038658 seconds
