hostname : sth-c9.uncc.edu
bounding: [1053872.965;1068485.726]x[860186.8419;879395.9741]x[3;730]
read 11056 observations
res: 50 50 1 bw: 2500 2500 14
voxsize: 294x386x728 size:315.156372MB
voxBW: 50 14
decomposition time: 0.001063 seconds
max load: 4205 avgloadperbox: 1382 avgloadpercore: 1382 total load: 11056
Initialization time: 0.051008
mem: 64
compute: 8.008350 seconds
evaluations: 0
time: 8.060731 seconds
