hostname : sth-c12.uncc.edu
bounding: [1053872.965;1068485.726]x[860186.8419;879395.9741]x[3;730]
read 11056 observations
res: 50 50 1 bw: 2500 2500 14
voxsize: 294x386x728 size:315.156372MB
voxBW: 50 14
Initialization time: 0.041534
intersect: 84727
decomposition time: 0.004661 seconds
max load: 4245 avgloadperbox: 86.375 avgloadpercore: 2764
compute: 1.983008 seconds
evaluations: 2993649900
time: 2.029448 seconds
