bounding: [1053872.965;1068485.726]x[860186.8419;879395.9741]x[3;730]
read 11056 observations
res: 50 50 1 bw: 2500 2500 1
decomposition should allow blocks larger than bandwidth. Adjusting decomposition to 5x7x8
voxsize: 294x386x728 size:315.156372MB
voxBW: 50 1
Initialization time: 0.042207
decomposition time: 0.000621 seconds
max load: 442 avgloadperbox: 39.4857143 avgloadpercore: 5528 total load: 11056
mem: 630
compute: 1.085101 seconds
evaluations: 0
time: 1.128207 seconds
