hostname : sth-c4.uncc.edu
bounding: [1053872.965;1068485.726]x[860186.8419;879395.9741]x[3;730]
read 11056 observations
res: 50 50 1 bw: 100 100 1
voxsize: 294x386x728 size:315.156372MB
voxBW: 2 1
Initialization time: 0.030065
decomposition time: 0.007349 seconds
compute: 1.120938 seconds
evaluations: 416620
time: 1.162428 seconds
