hostname : sth-c2.uncc.edu
bounding: [1053872.965;1068485.726]x[860186.8419;879395.9741]x[3;730]
read 11056 observations
res: 100 100 1 bw: 500 500 7
voxsize: 148x194x728 size:79.736084MB
voxBW: 5 7
Initialization time: 0.011265
intersect: 148440
decomposition time: 0.017177 seconds
max load: 110 avgloadperbox: 0.337402344 avgloadpercore: 1382
compute: 0.014371 seconds
evaluations: 19505177
time: 0.046537 seconds
