hostname : sth-c12.uncc.edu
bounding: [1053872.965;1068485.726]x[860186.8419;879395.9741]x[3;730]
read 11056 observations
res: 100 100 1 bw: 250 250 1
voxsize: 148x194x728 size:79.736084MB
voxBW: 3 1
Initialization time: 0.025005
intersect: 11056
decomposition time: 0.000995 seconds
max load: 11056 avgloadperbox: 11056 avgloadpercore: 5528
compute: 0.021006 seconds
evaluations: 795636
time: 0.047256 seconds
