hostname : sth-c8.uncc.edu
bounding: [1053872.965;1068485.726]x[860186.8419;879395.9741]x[3;730]
read 11056 observations
res: 50 50 1 bw: 2500 2500 1
voxsize: 294x386x728 size:315.156372MB
voxBW: 50 1
Initialization time: 0.037982
intersect: 369627
decomposition time: 0.038434 seconds
max load: 1152 avgloadperbox: 2.69921875 avgloadpercore: 1382
compute: 0.275262 seconds
evaluations: 214999800
time: 0.352756 seconds
