hostname : sth-c12.uncc.edu
bounding: [1053872.965;1068485.726]x[860186.8419;879395.9741]x[3;730]
read 11056 observations
res: 50 50 1 bw: 100 100 1
voxsize: 294x386x728 size:315.156372MB
voxBW: 2 1
Initialization time: 0.062347
intersect: 13332
decomposition time: 0.005241 seconds
max load: 367 avgloadperbox: 21.59375 avgloadpercore: 691
compute: 0.001835 seconds
evaluations: 353264
time: 0.069766 seconds
