hostname : sth-c12.uncc.edu
bounding: [1053872.965;1068485.726]x[860186.8419;879395.9741]x[3;730]
read 11056 observations
res: 50 50 1 bw: 2500 2500 14
voxsize: 294x386x728 size:315.156372MB
voxBW: 50 14
Initialization time: 0.035599
intersect: 129566
decomposition time: 0.017265 seconds
max load: 3696 avgloadperbox: 43.1875 avgloadpercore: 2764
compute: 1.908015 seconds
evaluations: 2993649900
time: 1.961280 seconds
