hostname : sth-c12.uncc.edu
bounding: [1053872.965;1068485.726]x[860186.8419;879395.9741]x[3;730]
read 11056 observations
res: 100 100 1 bw: 250 250 1
voxsize: 148x194x728 size:79.736084MB
voxBW: 3 1
Initialization time: 0.023688
intersect: 13693
decomposition time: 0.002371 seconds
max load: 2963 avgloadperbox: 1382 avgloadpercore: 1382
compute: 0.005602 seconds
evaluations: 791364
time: 0.031999 seconds
