hostname : sth-c9.uncc.edu
bounding: [1053872.965;1068485.726]x[860186.8419;879395.9741]x[3;730]
read 11056 observations
res: 100 100 1 bw: 2500 2500 1
voxsize: 148x194x728 size:79.736084MB
voxBW: 25 1
Initialization time: 0.020360
intersect: 120332
decomposition time: 0.013904 seconds
max load: 3561 avgloadperbox: 43.1875 avgloadpercore: 2764
compute: 0.296840 seconds
evaluations: 53924550
time: 0.331462 seconds
