hostname : sth-c9.uncc.edu
bounding: [1053872.965;1068485.726]x[860186.8419;879395.9741]x[3;730]
read 11056 observations
res: 100 100 1 bw: 2500 2500 1
voxsize: 148x194x728 size:79.736084MB
voxBW: 25 1
Initialization time: 0.019539
intersect: 74839
decomposition time: 0.002901 seconds
max load: 6564 avgloadperbox: 345.5 avgloadpercore: 11056
compute: 0.474368 seconds
evaluations: 53926798
time: 0.497088 seconds
