hostname : sth-c5.uncc.edu
bounding: [1053872.965;1068485.726]x[860186.8419;879395.9741]x[3;730]
read 11056 observations
res: 50 50 1 bw: 2500 2500 1
voxsize: 294x386x728 size:315.156372MB
voxBW: 50 1
Initialization time: 0.068969
intersect: 5146079
decomposition time: 0.373753 seconds
max load: 309 avgloadperbox: 0.042175293 avgloadpercore: 11056
compute: 2.714627 seconds
evaluations: 327761178
time: 3.241058 seconds
