bounding: [1053872.965;1068485.726]x[860186.8419;879395.9741]x[3;730]
read 11056 observations
res: 100 100 1 bw: 250 250 1
decomposition should allow blocks larger than bandwidth. Adjusting decomposition to 29x32x32
voxsize: 148x194x728 size:79.736084MB
voxBW: 3 1
decomposition time: 0.001906 seconds
max load: 24 avgloadperbox: 0.372306034 avgloadpercore: 691 total load: 11056
Initialization time: 0.010078
mem: 35836
compute: 0.037068 seconds
evaluations: 0
time: 0.079467 seconds
