bounding: [1053872.965;1068485.726]x[860186.8419;879395.9741]x[3;730]
read 11056 observations
res: 50 50 1 bw: 2500 2500 1
decomposition should allow blocks larger than bandwidth. Adjusting decomposition to 5x7x64
voxsize: 294x386x728 size:315.156372MB
voxBW: 50 1
Initialization time: 0.030718
decomposition time: 0.001089 seconds
max load: 83 avgloadperbox: 4.93571429 avgloadpercore: 691 total load: 11056
mem: 4158
compute: 0.152614 seconds
evaluations: 0
time: 0.184763 seconds
