hostname : sth-c22.uncc.edu
bounding: [1053872.965;1068485.726]x[860186.8419;879395.9741]x[3;730]
read 11056 observations
res: 50 50 1 bw: 2500 2500 1
voxsize: 294x386x728 size:315.156372MB
voxBW: 50 1
Initialization time: 0.075083
intersect: 79577
decomposition time: 0.005366 seconds
max load: 2465 avgloadperbox: 43.1875 avgloadpercore: 11056
compute: 1.938199 seconds
evaluations: 215001600
time: 2.019071 seconds
