hostname : sth-c2.uncc.edu
bounding: [1053872.965;1068485.726]x[860186.8419;879395.9741]x[3;730]
read 11056 observations
res: 100 100 1 bw: 250 250 1
voxsize: 148x194x728 size:79.736084MB
voxBW: 3 1
Initialization time: 0.011198
intersect: 46130
decomposition time: 0.015034 seconds
max load: 53 avgloadperbox: 0.337402344 avgloadpercore: 691
compute: 0.006201 seconds
evaluations: 771110
time: 0.034552 seconds
