hostname : sth-c12.uncc.edu
bounding: [1053872.965;1068485.726]x[860186.8419;879395.9741]x[3;730]
read 11056 observations
res: 50 50 1 bw: 100 100 1
voxsize: 294x386x728 size:315.156372MB
voxBW: 2 1
Initialization time: 0.087841
intersect: 12162
decomposition time: 0.003149 seconds
max load: 1148 avgloadperbox: 172.75 avgloadpercore: 1382
compute: 0.002545 seconds
evaluations: 353616
time: 0.093790 seconds
