hostname : sth-c2.uncc.edu
bounding: [1053872.965;1068485.726]x[860186.8419;879395.9741]x[3;730]
read 11056 observations
res: 100 100 1 bw: 250 250 1
voxsize: 148x194x728 size:79.736084MB
voxBW: 3 1
Initialization time: 0.017058
intersect: 110887
decomposition time: 0.051921 seconds
max load: 27 avgloadperbox: 0.042175293 avgloadpercore: 11056
compute: 0.047472 seconds
evaluations: 745588
time: 0.121319 seconds
