hostname : sth-c4.uncc.edu
bounding: [1053872.965;1068485.726]x[860186.8419;879395.9741]x[3;730]
read 11056 observations
res: 50 50 1 bw: 100 100 1
voxsize: 294x386x728 size:315.156372MB
voxBW: 2 1
Initialization time: 0.035511
intersect: 16493
decomposition time: 0.003876 seconds
max load: 102 avgloadperbox: 2.69921875 avgloadpercore: 2764
compute: 0.002075 seconds
evaluations: 353152
time: 0.041901 seconds
