hostname : sth-c12.uncc.edu
bounding: [1053872.965;1068485.726]x[860186.8419;879395.9741]x[3;730]
read 11056 observations
res: 100 100 1 bw: 250 250 1
voxsize: 148x194x728 size:79.736084MB
voxBW: 3 1
decomposition time: 0.002944 seconds
max load: 85 avgloadperbox: 2.69921875 avgloadpercore: 11056 total load: 11056
Initialization time: 0.039046
mem: 5832
compute: 0.025115 seconds
evaluations: 0
time: 0.078582 seconds
