hostname : sth-c22.uncc.edu
bounding: [1053872.965;1068485.726]x[860186.8419;879395.9741]x[3;730]
read 11056 observations
res: 50 50 1 bw: 2500 2500 1
voxsize: 294x386x728 size:315.156372MB
voxBW: 50 1
Initialization time: 0.055864
intersect: 120002
decomposition time: 0.005079 seconds
max load: 5818 avgloadperbox: 172.75 avgloadpercore: 5528
compute: 1.091338 seconds
evaluations: 215001600
time: 1.152760 seconds
