hostname : sth-c1.uncc.edu
bounding: [1053872.965;1068485.726]x[860186.8419;879395.9741]x[3;730]
read 11056 observations
res: 100 100 1 bw: 250 250 1
voxsize: 148x194x728 size:79.736084MB
voxBW: 3 1
Initialization time: 0.017637
intersect: 11056
decomposition time: 0.000542 seconds
max load: 11056 avgloadperbox: 11056 avgloadpercore: 11056
compute: 0.010342 seconds
evaluations: 1624413
time: 0.028614 seconds
