hostname : sth-c2.uncc.edu
bounding: [1053872.965;1068485.726]x[860186.8419;879395.9741]x[3;730]
read 11056 observations
res: 50 50 1 bw: 2500 2500 14
voxsize: 294x386x728 size:315.156372MB
voxBW: 50 14
Initialization time: 0.069491
intersect: 26470
decomposition time: 0.000948 seconds
max load: 7330 avgloadperbox: 1382 avgloadpercore: 11056
compute: 6.971757 seconds
evaluations: 2993844500
time: 7.042309 seconds
