bounding: [1053872.965;1068485.726]x[860186.8419;879395.9741]x[3;730]
read 11056 observations
res: 50 50 1 bw: 2500 2500 1
decomposition should allow blocks larger than bandwidth. Adjusting decomposition to 2x3x32
voxsize: 294x386x728 size:315.156372MB
voxBW: 50 1
decomposition time: 0.000557 seconds
max load: 497 avgloadperbox: 57.5833333 avgloadpercore: 11056 total load: 11056
Initialization time: 0.069107
mem: 680
compute: 1.978879 seconds
evaluations: 0
time: 2.049963 seconds
