bounding: [1053872.965;1068485.726]x[860186.8419;879395.9741]x[3;730]
read 11056 observations
res: 100 100 1 bw: 2500 2500 1
voxsize: 148x194x728 size:79.736084MB
voxBW: 25 1
Initialization time: 0.010573
adding 1064383.17,877617.301,3 to 1053872.97;1068485.73 860186.842;879395.974 3;184.75
intersect: 11085
decomposition time: 0.000520 seconds
max load: 7106 avgloadperbox: 2764 avgloadpercore: 1382
compute: 0.317873 seconds
evaluations: 53934050
time: 0.329105 seconds
