bounding: [1053872.965;1068485.726]x[860186.8419;879395.9741]x[3;730]
read 11056 observations
res: 100 100 1 bw: 250 250 1
voxsize: 148x194x728 size:79.736084MB
voxBW: 3 1
Initialization time: 0.017343
adding 1064383.17,877617.301,3 to 1061179.35;1064832.54 860186.842;879395.974 3;93.875
intersect: 12534
decomposition time: 0.000983 seconds
max load: 1959 avgloadperbox: 345.5 avgloadpercore: 11056
compute: 0.007921 seconds
evaluations: 792684
time: 0.026349 seconds
