hostname : sth-c12.uncc.edu
bounding: [1053872.965;1068485.726]x[860186.8419;879395.9741]x[3;730]
read 11056 observations
res: 50 50 1 bw: 2500 2500 14
voxsize: 294x386x728 size:315.156372MB
voxBW: 50 14
Initialization time: 0.050553
intersect: 36115
decomposition time: 0.004321 seconds
max load: 5064 avgloadperbox: 345.5 avgloadpercore: 2764
compute: 2.347564 seconds
evaluations: 2993844500
time: 2.402682 seconds
