bounding: [1053872.965;1068485.726]x[860186.8419;879395.9741]x[3;730]
read 11056 observations
res: 100 100 1 bw: 250 250 1
voxsize: 148x194x728 size:79.736084MB
voxBW: 3 1
Initialization time: 0.010533
adding 1064383.17,877617.301,3 to 1063005.94;1064832.54 860186.842;879395.974 3;184.75
intersect: 13732
decomposition time: 0.001130 seconds
max load: 1877 avgloadperbox: 345.5 avgloadpercore: 691
compute: 0.002326 seconds
evaluations: 791364
time: 0.014086 seconds
