hostname : sth-c3.uncc.edu
bounding: [1053872.965;1068485.726]x[860186.8419;879395.9741]x[3;730]
read 11056 observations
res: 100 100 1 bw: 2500 2500 1
voxsize: 148x194x728 size:79.736084MB
voxBW: 25 1
Initialization time: 0.011042
intersect: 5146079
decomposition time: 0.404111 seconds
max load: 309 avgloadperbox: 0.042175293 avgloadpercore: 5528
compute: 0.467883 seconds
evaluations: 83119613
time: 0.953907 seconds
