hostname : sth-c1.uncc.edu
bounding: [1053872.965;1068485.726]x[860186.8419;879395.9741]x[3;730]
read 11056 observations
res: 100 100 1 bw: 250 250 1
voxsize: 148x194x728 size:79.736084MB
voxBW: 3 1
Initialization time: 0.009685
intersect: 11056
decomposition time: 0.000389 seconds
max load: 11056 avgloadperbox: 11056 avgloadpercore: 1382
compute: 0.011755 seconds
evaluations: 1624413
time: 0.021943 seconds
