hostname : sth-c2.uncc.edu
bounding: [1053872.965;1068485.726]x[860186.8419;879395.9741]x[3;730]
read 11056 observations
res: 100 100 1 bw: 250 250 1
voxsize: 148x194x728 size:79.736084MB
voxBW: 3 1
Initialization time: 0.009913
intersect: 46130
decomposition time: 0.015004 seconds
max load: 53 avgloadperbox: 0.337402344 avgloadpercore: 1382
compute: 0.004581 seconds
evaluations: 771110
time: 0.031570 seconds
