bounding: [1053872.965;1068485.726]x[860186.8419;879395.9741]x[3;730]
read 11056 observations
res: 50 50 1 bw: 100 100 1
voxsize: 294x386x728 size:315.2MB
voxBW: 2 1
Initialization time: 0.076487
evaluations: 175884
time: 0.082109 seconds
