hostname : sth-c9.uncc.edu
bounding: [1053872.965;1068485.726]x[860186.8419;879395.9741]x[3;730]
read 11056 observations
res: 100 100 1 bw: 2500 2500 1
voxsize: 148x194x728 size:79.736084MB
voxBW: 25 1
Initialization time: 0.024304
intersect: 25048
decomposition time: 0.001795 seconds
max load: 3528 avgloadperbox: 345.5 avgloadpercore: 11056
compute: 0.533061 seconds
evaluations: 53926798
time: 0.559345 seconds
