hostname : sth-c1.uncc.edu
bounding: [1053872.965;1068485.726]x[860186.8419;879395.9741]x[3;730]
read 11056 observations
res: 100 100 1 bw: 250 250 1
voxsize: 148x194x728 size:79.736084MB
voxBW: 3 1
decomposition time: 0.000406 seconds
max load: 11056 avgloadperbox: 11056 avgloadpercore: 691 total load: 11056
Initialization time: 0.008445
mem: 27
compute: 0.012196 seconds
evaluations: 0
time: 0.021172 seconds
