hostname : sth-c3.uncc.edu
bounding: [1053872.965;1068485.726]x[860186.8419;879395.9741]x[3;730]
read 11056 observations
res: 100 100 1 bw: 2500 2500 1
voxsize: 148x194x728 size:79.736084MB
voxBW: 25 1
decomposition time: 0.000390 seconds
max load: 4205 avgloadperbox: 1382 avgloadpercore: 2764 total load: 11056
Initialization time: 0.008657
mem: 64
compute: 0.504556 seconds
evaluations: 0
time: 0.513706 seconds
