hostname : sth-c12.uncc.edu
bounding: [1053872.965;1068485.726]x[860186.8419;879395.9741]x[3;730]
read 11056 observations
res: 50 50 1 bw: 2500 2500 14
voxsize: 294x386x728 size:315.156372MB
voxBW: 50 14
Initialization time: 0.060904
intersect: 26682
decomposition time: 0.003320 seconds
max load: 5953 avgloadperbox: 691 avgloadpercore: 691
compute: 2.705616 seconds
evaluations: 2993844500
time: 2.770134 seconds
