hostname : sth-c3.uncc.edu
bounding: [1053872.965;1068485.726]x[860186.8419;879395.9741]x[3;730]
read 11056 observations
res: 100 100 1 bw: 2500 2500 1
voxsize: 148x194x728 size:79.736084MB
voxBW: 25 1
Initialization time: 0.010227
intersect: 5146079
decomposition time: 1.429771 seconds
max load: 309 avgloadperbox: 0.042175293 avgloadpercore: 1382
compute: 0.121866 seconds
evaluations: 53868326
time: 1.635195 seconds
