hostname : sth-c12.uncc.edu
bounding: [1053872.965;1068485.726]x[860186.8419;879395.9741]x[3;730]
read 11056 observations
res: 100 100 1 bw: 250 250 1
voxsize: 148x194x728 size:79.736084MB
voxBW: 3 1
Initialization time: 0.023099
intersect: 12372
decomposition time: 0.001879 seconds
max load: 3475 avgloadperbox: 691 avgloadpercore: 2764
compute: 0.006944 seconds
evaluations: 794352
time: 0.032159 seconds
