hostname : sth-c12.uncc.edu
bounding: [1053872.965;1068485.726]x[860186.8419;879395.9741]x[3;730]
read 11056 observations
res: 50 50 1 bw: 2500 2500 14
voxsize: 294x386x728 size:315.156372MB
voxBW: 50 14
Initialization time: 0.128483
intersect: 49179
decomposition time: 0.007891 seconds
max load: 3505 avgloadperbox: 172.75 avgloadpercore: 11056
compute: 8.325381 seconds
evaluations: 2993649900
time: 8.462077 seconds
