hostname : sth-c12.uncc.edu
bounding: [1053872.965;1068485.726]x[860186.8419;879395.9741]x[3;730]
read 11056 observations
res: 50 50 1 bw: 100 100 1
voxsize: 294x386x728 size:315.156372MB
voxBW: 2 1
Initialization time: 0.097437
intersect: 12884
decomposition time: 0.004334 seconds
max load: 567 avgloadperbox: 43.1875 avgloadpercore: 5528
compute: 0.006666 seconds
evaluations: 353264
time: 0.108759 seconds
