hostname : sth-c22.uncc.edu
bounding: [1053872.965;1068485.726]x[860186.8419;879395.9741]x[3;730]
read 11056 observations
res: 50 50 1 bw: 2500 2500 1
voxsize: 294x386x728 size:315.156372MB
voxBW: 50 1
Initialization time: 0.059010
intersect: 11212
decomposition time: 0.000697 seconds
max load: 4353 avgloadperbox: 1382 avgloadpercore: 1382
compute: 1.095364 seconds
evaluations: 215015600
time: 1.155222 seconds
