hostname : sth-c22.uncc.edu
bounding: [1053872.965;1068485.726]x[860186.8419;879395.9741]x[3;730]
read 11056 observations
res: 50 50 1 bw: 2500 2500 1
voxsize: 294x386x728 size:315.156372MB
voxBW: 50 1
Initialization time: 0.082736
intersect: 39783
decomposition time: 0.002024 seconds
max load: 5142 avgloadperbox: 345.5 avgloadpercore: 11056
compute: 1.930726 seconds
evaluations: 215001600
time: 2.015708 seconds
