hostname : sth-c1.uncc.edu
bounding: [1053872.965;1068485.726]x[860186.8419;879395.9741]x[3;730]
read 11056 observations
res: 100 100 1 bw: 250 250 1
voxsize: 148x194x728 size:79.736084MB
voxBW: 3 1
Initialization time: 0.009032
intersect: 12361
decomposition time: 0.000751 seconds
max load: 4493 avgloadperbox: 1382 avgloadpercore: 2764
compute: 0.004985 seconds
evaluations: 1612990
time: 0.014920 seconds
