bounding: [1053872.965;1068485.726]x[860186.8419;879395.9741]x[3;730]
read 11056 observations
res: 50 50 1 bw: 100 100 1
voxsize: 294x386x728 size:315.156372MB
voxBW: 2 1
Initialization time: 0.040090
adding 1064383.17,877617.301,3 to 1063005.94;1064832.54 860186.842;879395.974 3;184.75
intersect: 12168
decomposition time: 0.001051 seconds
max load: 1660 avgloadperbox: 345.5 avgloadpercore: 691
compute: 0.001779 seconds
evaluations: 353264
time: 0.043017 seconds
