hostname : sth-c10.uncc.edu
bounding: [1053872.965;1068485.726]x[860186.8419;879395.9741]x[3;730]
read 11056 observations
res: 50 50 1 bw: 2500 2500 14
voxsize: 294x386x728 size:315.156372MB
voxBW: 50 14
Initialization time: 0.030794
intersect: 14866722
decomposition time: 2.191385 seconds
max load: 816 avgloadperbox: 0.042175293 avgloadpercore: 691
compute: 0.667826 seconds
evaluations: 2993012628
time: 3.015084 seconds
