hostname : sth-c12.uncc.edu
bounding: [1053872.965;1068485.726]x[860186.8419;879395.9741]x[3;730]
read 11056 observations
res: 50 50 1 bw: 100 100 1
voxsize: 294x386x728 size:315.156372MB
voxBW: 2 1
Initialization time: 0.153202
intersect: 13139
decomposition time: 0.003594 seconds
max load: 872 avgloadperbox: 172.75 avgloadpercore: 11056
compute: 0.011389 seconds
evaluations: 353264
time: 0.168409 seconds
