hostname : sth-c12.uncc.edu
bounding: [1053872.965;1068485.726]x[860186.8419;879395.9741]x[3;730]
read 11056 observations
res: 50 50 1 bw: 2500 2500 14
voxsize: 294x386x728 size:315.156372MB
voxBW: 50 14
Initialization time: 0.052192
intersect: 52958
decomposition time: 0.006605 seconds
max load: 4849 avgloadperbox: 172.75 avgloadpercore: 691
compute: 1.496251 seconds
evaluations: 2993844500
time: 1.555537 seconds
