hostname : sth-c8.uncc.edu
bounding: [1053872.965;1068485.726]x[860186.8419;879395.9741]x[3;730]
read 11056 observations
res: 50 50 1 bw: 2500 2500 1
voxsize: 294x386x728 size:315.156372MB
voxBW: 50 1
Initialization time: 0.042433
intersect: 5146079
decomposition time: 1.426974 seconds
max load: 309 avgloadperbox: 0.042175293 avgloadpercore: 5528
compute: 1.390190 seconds
evaluations: 214955902
time: 2.948063 seconds
