hostname : sth-c4.uncc.edu
bounding: [1053872.965;1068485.726]x[860186.8419;879395.9741]x[3;730]
read 11056 observations
res: 50 50 1 bw: 100 100 1
voxsize: 294x386x728 size:315.156372MB
voxBW: 2 1
Initialization time: 0.037477
intersect: 41573
decomposition time: 0.013130 seconds
max load: 21 avgloadperbox: 0.042175293 avgloadpercore: 1382
compute: 0.040970 seconds
evaluations: 786902
time: 0.095932 seconds
