hostname : sth-c12.uncc.edu
bounding: [1053872.965;1068485.726]x[860186.8419;879395.9741]x[3;730]
read 11056 observations
res: 50 50 1 bw: 100 100 1
voxsize: 294x386x728 size:315.156372MB
voxBW: 2 1
Initialization time: 0.152111
intersect: 12325
decomposition time: 0.003381 seconds
max load: 1028 avgloadperbox: 86.375 avgloadpercore: 11056
compute: 0.011412 seconds
evaluations: 353616
time: 0.167146 seconds
