hostname : sth-c3.uncc.edu
bounding: [1053872.965;1068485.726]x[860186.8419;879395.9741]x[3;730]
read 11056 observations
res: 100 100 1 bw: 2500 2500 1
voxsize: 148x194x728 size:79.736084MB
voxBW: 25 1
Initialization time: 0.009694
intersect: 369627
decomposition time: 0.038302 seconds
max load: 1152 avgloadperbox: 2.69921875 avgloadpercore: 2764
compute: 0.131201 seconds
evaluations: 53917442
time: 0.180293 seconds
