bounding: [1053872.965;1068485.726]x[860186.8419;879395.9741]x[3;730]
read 11056 observations
res: 50 50 1 bw: 100 100 1
voxsize: 294x386x728 size:315.156372MB
voxBW: 2 1
Initialization time: 0.070326
adding 1064383.17,877617.301,3 to 1061179.35;1064832.54 874593.691;879395.974 3;93.875
intersect: 12325
decomposition time: 0.001244 seconds
max load: 1028 avgloadperbox: 86.375 avgloadpercore: 11056
compute: 0.005043 seconds
evaluations: 353616
time: 0.076708 seconds
