bounding: [1053872.965;1068485.726]x[860186.8419;879395.9741]x[3;730]
read 11056 observations
res: 50 50 1 bw: 2500 2500 14
decomposition should allow blocks larger than bandwidth. Adjusting decomposition to 2x3x8
voxsize: 294x386x728 size:315.156372MB
voxBW: 50 14
decomposition time: 0.001229 seconds
max load: 1445 avgloadperbox: 230.333333 avgloadpercore: 5528 total load: 11056
Initialization time: 0.062107
mem: 200
compute: 6.620353 seconds
evaluations: 0
time: 6.685161 seconds
