hostname : sth-c8.uncc.edu
bounding: [1053872.965;1068485.726]x[860186.8419;879395.9741]x[3;730]
read 11056 observations
res: 50 50 1 bw: 2500 2500 1
voxsize: 294x386x728 size:315.156372MB
voxBW: 50 1
Initialization time: 0.069933
intersect: 1293514
decomposition time: 0.211864 seconds
max load: 575 avgloadperbox: 0.337402344 avgloadpercore: 11056
compute: 2.149297 seconds
evaluations: 214979234
time: 2.442181 seconds
