hostname : sth-c12.uncc.edu
bounding: [1053872.965;1068485.726]x[860186.8419;879395.9741]x[3;730]
read 11056 observations
res: 100 100 1 bw: 250 250 1
voxsize: 148x194x728 size:79.736084MB
voxBW: 3 1
Initialization time: 0.023454
intersect: 13364
decomposition time: 0.002049 seconds
max load: 3585 avgloadperbox: 1382 avgloadpercore: 691
compute: 0.006484 seconds
evaluations: 792912
time: 0.032281 seconds
