hostname : sth-c9.uncc.edu
bounding: [1053872.965;1068485.726]x[860186.8419;879395.9741]x[3;730]
read 11056 observations
res: 100 100 1 bw: 2500 2500 1
voxsize: 148x194x728 size:79.736084MB
voxBW: 25 1
Initialization time: 0.024655
intersect: 79577
decomposition time: 0.006022 seconds
max load: 2465 avgloadperbox: 43.1875 avgloadpercore: 11056
compute: 0.507963 seconds
evaluations: 53924550
time: 0.539017 seconds
