hostname : sth-c9.uncc.edu
bounding: [1053872.965;1068485.726]x[860186.8419;879395.9741]x[3;730]
read 11056 observations
res: 100 100 1 bw: 250 250 1
voxsize: 148x194x728 size:79.736084MB
voxBW: 3 1
decomposition time: 0.001051 seconds
max load: 4205 avgloadperbox: 1382 avgloadpercore: 5528 total load: 11056
Initialization time: 0.024501
mem: 64
compute: 0.021209 seconds
evaluations: 0
time: 0.046980 seconds
