bounding: [1053872.965;1068485.726]x[860186.8419;879395.9741]x[3;730]
read 11056 observations
res: 50 50 1 bw: 2500 2500 1
voxsize: 294x386x728 size:315.156372MB
voxBW: 50 1
Initialization time: 0.029810
decomposition time: 0.000425 seconds
0,0,0 : 11056
max load: 11056 avgloadperbox: 11056 avgloadpercore: 1382 total load: 11056
mem: 27
compute: 1.936026 seconds
evaluations: 0
time: 1.966434 seconds
