hostname : sth-c6.uncc.edu
bounding: [1053872.965;1068485.726]x[860186.8419;879395.9741]x[3;730]
read 11056 observations
res: 50 50 1 bw: 2500 2500 14
voxsize: 294x386x728 size:315.156372MB
voxBW: 50 14
Initialization time: 0.031474
intersect: 52958
decomposition time: 0.002447 seconds
max load: 4849 avgloadperbox: 172.75 avgloadpercore: 2764
compute: 1.946457 seconds
evaluations: 3159038642
time: 1.980579 seconds
