hostname : sth-c2.uncc.edu
bounding: [1053872.965;1068485.726]x[860186.8419;879395.9741]x[3;730]
read 11056 observations
res: 100 100 1 bw: 250 250 1
voxsize: 148x194x728 size:79.736084MB
voxBW: 3 1
Initialization time: 0.009080
intersect: 25486
decomposition time: 0.005178 seconds
max load: 128 avgloadperbox: 2.69921875 avgloadpercore: 2764
compute: 0.003042 seconds
evaluations: 782714
time: 0.017828 seconds
