hostname : sth-c12.uncc.edu
bounding: [1053872.965;1068485.726]x[860186.8419;879395.9741]x[3;730]
read 11056 observations
res: 50 50 1 bw: 2500 2500 14
voxsize: 294x386x728 size:315.156372MB
voxBW: 50 14
Initialization time: 0.052382
intersect: 42830
decomposition time: 0.005488 seconds
max load: 5321 avgloadperbox: 345.5 avgloadpercore: 691
compute: 1.520398 seconds
evaluations: 2993649900
time: 1.578658 seconds
