bounding: [1053872.965;1068485.726]x[860186.8419;879395.9741]x[3;730]
read 11056 observations
res: 100 100 1 bw: 250 250 1
voxsize: 148x194x728 size:79.736084MB
voxBW: 3 1
Initialization time: 0.008000
decomposition time: 0.002666 seconds
max load: 24 avgloadperbox: 0.337402344 avgloadpercore: 1382 total load: 11056
mem: 39304
compute: 0.141231 seconds
evaluations: 0
time: 0.152895 seconds
