hostname : sth-c22.uncc.edu
bounding: [1053872.965;1068485.726]x[860186.8419;879395.9741]x[3;730]
read 11056 observations
res: 50 50 1 bw: 2500 2500 1
voxsize: 294x386x728 size:315.156372MB
voxBW: 50 1
Initialization time: 0.074581
intersect: 120332
decomposition time: 0.016712 seconds
max load: 3561 avgloadperbox: 43.1875 avgloadpercore: 691
compute: 0.345875 seconds
evaluations: 215001600
time: 0.437575 seconds
