hostname : sth-c3.uncc.edu
bounding: [1053872.965;1068485.726]x[860186.8419;879395.9741]x[3;730]
read 11056 observations
res: 100 100 1 bw: 2500 2500 1
voxsize: 148x194x728 size:79.736084MB
voxBW: 25 1
Initialization time: 0.017327
intersect: 11056
decomposition time: 0.000361 seconds
max load: 11056 avgloadperbox: 11056 avgloadpercore: 11056
compute: 0.493460 seconds
evaluations: 83992257
time: 0.511257 seconds
