hostname : sth-c12.uncc.edu
bounding: [1053872.965;1068485.726]x[860186.8419;879395.9741]x[3;730]
read 11056 observations
res: 50 50 1 bw: 100 100 1
voxsize: 294x386x728 size:315.156372MB
voxBW: 2 1
decomposition time: 0.001254 seconds
max load: 1430 avgloadperbox: 172.75 avgloadpercore: 5528 total load: 11056
Initialization time: 0.097574
mem: 216
compute: 0.007492 seconds
evaluations: 0
time: 0.107933 seconds
