bounding: [1053872.965;1068485.726]x[860186.8419;879395.9741]x[3;730]
read 11056 observations
res: 100 100 1 bw: 250 250 1
voxsize: 148x194x728 size:79.736084MB
voxBW: 3 1
Initialization time: 0.010666
adding 1064383.17,877617.301,3 to 1053872.97;1068485.73 874593.691;879395.974 3;93.875
intersect: 12514
decomposition time: 0.000954 seconds
max load: 2036 avgloadperbox: 345.5 avgloadpercore: 5528
compute: 0.004763 seconds
evaluations: 794352
time: 0.016474 seconds
