hostname : sth-c5.uncc.edu
bounding: [1053872.965;1068485.726]x[860186.8419;879395.9741]x[3;730]
read 11056 observations
res: 50 50 1 bw: 2500 2500 1
voxsize: 294x386x728 size:315.156372MB
voxBW: 50 1
Initialization time: 0.037253
intersect: 1307993
decomposition time: 0.082147 seconds
max load: 575 avgloadperbox: 0.337402344 avgloadpercore: 1382
compute: 0.310453 seconds
evaluations: 328192284
time: 0.437013 seconds
