bounding: [1053872.965;1068485.726]x[860186.8419;879395.9741]x[3;730]
read 11056 observations
res: 100 100 1 bw: 250 250 1
voxsize: 148x194x728 size:79.736084MB
voxBW: 3 1
Initialization time: 0.009814
adding 1064383.17,877617.301,3 to 1063005.94;1064832.54 874593.691;879395.974 3;730
intersect: 15182
decomposition time: 0.001233 seconds
max load: 1561 avgloadperbox: 345.5 avgloadpercore: 1382
compute: 0.002161 seconds
evaluations: 790082
time: 0.013340 seconds
