bounding: [1053872.965;1068485.726]x[860186.8419;879395.9741]x[3;730]
read 11056 observations
res: 50 50 1 bw: 2500 2500 14
voxsize: 294x386x728 size:315.156372MB
voxBW: 50 14
Initialization time: 0.029578
adding 1064383.17,877617.301,3 to 1053872.97;1068485.73 874593.691;879395.974 3;184.75
intersect: 23629
decomposition time: 0.001112 seconds
max load: 5787 avgloadperbox: 691 avgloadpercore: 1382
compute: 1.951338 seconds
evaluations: 2993844500
time: 1.982176 seconds
