bounding: [1053872.965;1068485.726]x[860186.8419;879395.9741]x[3;730]
read 11056 observations
res: 50 50 1 bw: 2500 2500 1
decomposition should allow blocks larger than bandwidth. Adjusting decomposition to 2x3x64
voxsize: 294x386x728 size:315.156372MB
voxBW: 50 1
decomposition time: 0.000619 seconds
max load: 268 avgloadperbox: 28.7916667 avgloadpercore: 1382 total load: 11056
Initialization time: 0.031446
mem: 1320
compute: 0.323450 seconds
evaluations: 0
time: 0.357271 seconds
