bounding: [1053872.965;1068485.726]x[860186.8419;879395.9741]x[3;730]
read 11056 observations
res: 50 50 1 bw: 2500 2500 14
decomposition should allow blocks larger than bandwidth. Adjusting decomposition to 5x7x8
voxsize: 294x386x728 size:315.156372MB
voxBW: 50 14
Initialization time: 0.042370
decomposition time: 0.000602 seconds
max load: 442 avgloadperbox: 39.4857143 avgloadpercore: 5528 total load: 11056
mem: 630
compute: 3.797994 seconds
evaluations: 0
time: 3.841210 seconds
