hostname : sth-c4.uncc.edu
bounding: [1053872.965;1068485.726]x[860186.8419;879395.9741]x[3;730]
read 11056 observations
res: 50 50 1 bw: 100 100 1
voxsize: 294x386x728 size:315.156372MB
voxBW: 2 1
Initialization time: 0.069698
decomposition time: 0.008147 seconds
compute: 8.145498 seconds
evaluations: 416620
time: 8.226144 seconds
