bounding: [1053872.965;1068485.726]x[860186.8419;879395.9741]x[3;730]
read 11056 observations
res: 50 50 1 bw: 100 100 1
voxsize: 294x386x728 size:315.156372MB
voxBW: 2 1
Initialization time: 0.035047
adding 1064383.17,877617.301,3 to 1053872.97;1068485.73 876994.833;879395.974 3;730
intersect: 11990
decomposition time: 0.000790 seconds
max load: 3265 avgloadperbox: 1382 avgloadpercore: 2764
compute: 0.001798 seconds
evaluations: 353616
time: 0.037729 seconds
