hostname : sth-c22.uncc.edu
bounding: [1053872.965;1068485.726]x[860186.8419;879395.9741]x[3;730]
read 11056 observations
res: 50 50 1 bw: 2500 2500 1
voxsize: 294x386x728 size:315.156372MB
voxBW: 50 1
Initialization time: 0.046185
intersect: 33564
decomposition time: 0.001629 seconds
max load: 4900 avgloadperbox: 345.5 avgloadpercore: 5528
compute: 0.964249 seconds
evaluations: 215015600
time: 1.012284 seconds
