hostname : sth-c2.uncc.edu
bounding: [1053872.965;1068485.726]x[860186.8419;879395.9741]x[3;730]
read 11056 observations
res: 100 100 1 bw: 500 500 7
voxsize: 148x194x728 size:79.736084MB
voxBW: 5 7
Initialization time: 0.009186
intersect: 568658
decomposition time: 0.079730 seconds
max load: 73 avgloadperbox: 0.042175293 avgloadpercore: 2764
compute: 0.059098 seconds
evaluations: 19010957
time: 0.174126 seconds
