hostname : sth-c9.uncc.edu
bounding: [1053872.965;1068485.726]x[860186.8419;879395.9741]x[3;730]
read 11056 observations
res: 100 100 1 bw: 2500 2500 1
voxsize: 148x194x728 size:79.736084MB
voxBW: 25 1
Initialization time: 0.019634
intersect: 33564
decomposition time: 0.002848 seconds
max load: 4900 avgloadperbox: 345.5 avgloadpercore: 2764
compute: 0.294846 seconds
evaluations: 53934050
time: 0.317548 seconds
