hostname : sth-c2.uncc.edu
bounding: [1053872.965;1068485.726]x[860186.8419;879395.9741]x[3;730]
read 11056 observations
res: 100 100 1 bw: 500 500 7
voxsize: 148x194x728 size:79.736084MB
voxBW: 5 7
Initialization time: 0.018062
intersect: 17292
decomposition time: 0.001017 seconds
max load: 2016 avgloadperbox: 172.75 avgloadpercore: 11056
compute: 0.044592 seconds
evaluations: 19931702
time: 0.063827 seconds
