hostname : sth-c9.uncc.edu
bounding: [1053872.965;1068485.726]x[860186.8419;879395.9741]x[3;730]
read 11056 observations
res: 100 100 1 bw: 2500 2500 1
voxsize: 148x194x728 size:79.736084MB
voxBW: 25 1
Initialization time: 0.023498
intersect: 49710
decomposition time: 0.009394 seconds
max load: 2814 avgloadperbox: 86.375 avgloadpercore: 1382
compute: 0.193994 seconds
evaluations: 53926798
time: 0.227217 seconds
