hostname : sth-c22.uncc.edu
bounding: [1053872.965;1068485.726]x[860186.8419;879395.9741]x[3;730]
read 11056 observations
res: 50 50 1 bw: 2500 2500 1
voxsize: 294x386x728 size:315.156372MB
voxBW: 50 1
Initialization time: 0.076122
intersect: 79577
decomposition time: 0.015154 seconds
max load: 2465 avgloadperbox: 43.1875 avgloadpercore: 691
compute: 0.383636 seconds
evaluations: 215001600
time: 0.475305 seconds
