hostname : sth-c22.uncc.edu
bounding: [1053872.965;1068485.726]x[860186.8419;879395.9741]x[3;730]
read 11056 observations
res: 50 50 1 bw: 2500 2500 1
voxsize: 294x386x728 size:315.156372MB
voxBW: 50 1
Initialization time: 0.067996
intersect: 120002
decomposition time: 0.012059 seconds
max load: 5818 avgloadperbox: 172.75 avgloadpercore: 1382
compute: 0.532280 seconds
evaluations: 215001600
time: 0.613053 seconds
