hostname : sth-c2.uncc.edu
bounding: [1053872.965;1068485.726]x[860186.8419;879395.9741]x[3;730]
read 11056 observations
res: 100 100 1 bw: 500 500 7
voxsize: 148x194x728 size:79.736084MB
voxBW: 5 7
Initialization time: 0.010700
intersect: 568658
decomposition time: 0.079239 seconds
max load: 73 avgloadperbox: 0.042175293 avgloadpercore: 691
compute: 0.030302 seconds
evaluations: 19010957
time: 0.146275 seconds
