hostname : sth-c4.uncc.edu
bounding: [1053872.965;1068485.726]x[860186.8419;879395.9741]x[3;730]
read 11056 observations
res: 50 50 1 bw: 100 100 1
voxsize: 294x386x728 size:315.156372MB
voxBW: 2 1
Initialization time: 0.039921
intersect: 23202
decomposition time: 0.009553 seconds
max load: 39 avgloadperbox: 0.337402344 avgloadpercore: 691
compute: 0.004249 seconds
evaluations: 807861
time: 0.055011 seconds
