hostname : sth-c12.uncc.edu
bounding: [1053872.965;1068485.726]x[860186.8419;879395.9741]x[3;730]
read 11056 observations
res: 50 50 1 bw: 100 100 1
voxsize: 294x386x728 size:315.156372MB
voxBW: 2 1
Initialization time: 0.087093
intersect: 11611
decomposition time: 0.001808 seconds
max load: 3309 avgloadperbox: 691 avgloadpercore: 1382
compute: 0.004402 seconds
evaluations: 353616
time: 0.093527 seconds
