bounding: [1053872.965;1068485.726]x[860186.8419;879395.9741]x[3;730]
read 11056 observations
res: 50 50 1 bw: 2500 2500 14
voxsize: 294x386x728 size:315.156372MB
voxBW: 50 14
Initialization time: 0.041638
decomposition time: 0.000474 seconds
max load: 1430 avgloadperbox: 172.75 avgloadpercore: 5528 total load: 11056
mem: 216
compute: 4.400283 seconds
evaluations: 0
time: 4.442626 seconds
