hostname : sth-c10.uncc.edu
bounding: [1053872.965;1068485.726]x[860186.8419;879395.9741]x[3;730]
read 11056 observations
res: 50 50 1 bw: 2500 2500 14
voxsize: 294x386x728 size:315.156372MB
voxBW: 50 14
Initialization time: 0.031511
intersect: 570660
decomposition time: 0.042824 seconds
max load: 1679 avgloadperbox: 2.69921875 avgloadpercore: 2764
compute: 1.589594 seconds
evaluations: 2993624700
time: 1.666120 seconds
