hostname : sth-c22.uncc.edu
bounding: [1053872.965;1068485.726]x[860186.8419;879395.9741]x[3;730]
read 11056 observations
res: 50 50 1 bw: 2500 2500 1
voxsize: 294x386x728 size:315.156372MB
voxBW: 50 1
Initialization time: 0.048125
intersect: 78659
decomposition time: 0.006204 seconds
max load: 4086 avgloadperbox: 86.375 avgloadpercore: 2764
compute: 0.627199 seconds
evaluations: 215001600
time: 0.681740 seconds
