hostname : sth-c9.uncc.edu
bounding: [1053872.965;1068485.726]x[860186.8419;879395.9741]x[3;730]
read 11056 observations
res: 100 100 1 bw: 2500 2500 1
voxsize: 148x194x728 size:79.736084MB
voxBW: 25 1
Initialization time: 0.023728
intersect: 33955
decomposition time: 0.006091 seconds
max load: 2913 avgloadperbox: 172.75 avgloadpercore: 691
compute: 0.134255 seconds
evaluations: 53934050
time: 0.164370 seconds
