hostname : sth-c12.uncc.edu
bounding: [1053872.965;1068485.726]x[860186.8419;879395.9741]x[3;730]
read 11056 observations
res: 50 50 1 bw: 2500 2500 14
voxsize: 294x386x728 size:315.156372MB
voxBW: 50 14
Initialization time: 0.075183
intersect: 80863
decomposition time: 0.003879 seconds
max load: 4131 avgloadperbox: 86.375 avgloadpercore: 11056
compute: 6.805320 seconds
evaluations: 2993844500
time: 6.884709 seconds
