hostname : sth-c12.uncc.edu
bounding: [1053872.965;1068485.726]x[860186.8419;879395.9741]x[3;730]
read 11056 observations
res: 100 100 1 bw: 250 250 1
voxsize: 148x194x728 size:79.736084MB
voxBW: 3 1
Initialization time: 0.038802
intersect: 14893
decomposition time: 0.003006 seconds
max load: 1804 avgloadperbox: 345.5 avgloadpercore: 11056
compute: 0.021184 seconds
evaluations: 789962
time: 0.063260 seconds
