hostname : sth-c9.uncc.edu
bounding: [1053872.965;1068485.726]x[860186.8419;879395.9741]x[3;730]
read 11056 observations
res: 100 100 1 bw: 2500 2500 1
voxsize: 148x194x728 size:79.736084MB
voxBW: 25 1
Initialization time: 0.020508
intersect: 33478
decomposition time: 0.003163 seconds
max load: 7874 avgloadperbox: 1382 avgloadpercore: 2764
compute: 0.344322 seconds
evaluations: 53934050
time: 0.368400 seconds
