bounding: [1053872.965;1068485.726]x[860186.8419;879395.9741]x[3;730]
read 11056 observations
res: 100 100 1 bw: 250 250 1
voxsize: 148x194x728 size:79.736084MB
voxBW: 3 1
Initialization time: 0.010825
adding 1064383.17,877617.301,3 to 1063005.94;1064832.54 860186.842;879395.974 3;730
intersect: 13693
decomposition time: 0.000912 seconds
max load: 2963 avgloadperbox: 1382 avgloadpercore: 5528
compute: 0.004660 seconds
evaluations: 791364
time: 0.016518 seconds
