hostname : sth-c22.uncc.edu
bounding: [1053872.965;1068485.726]x[860186.8419;879395.9741]x[3;730]
read 11056 observations
res: 50 50 1 bw: 2500 2500 1
voxsize: 294x386x728 size:315.156372MB
voxBW: 50 1
Initialization time: 0.081981
intersect: 75920
decomposition time: 0.014514 seconds
max load: 2352 avgloadperbox: 43.1875 avgloadpercore: 691
compute: 0.391280 seconds
evaluations: 215015600
time: 0.488169 seconds
