bounding: [1053872.965;1068485.726]x[860186.8419;879395.9741]x[3;730]
read 11056 observations
res: 50 50 1 bw: 100 100 1
voxsize: 294x386x728 size:315.156372MB
voxBW: 2 1
Initialization time: 0.034846
adding 1064383.17,877617.301,3 to 1061179.35;1064832.54 860186.842;879395.974 3;184.75
intersect: 11628
decomposition time: 0.000746 seconds
max load: 3058 avgloadperbox: 691 avgloadpercore: 2764
compute: 0.001921 seconds
evaluations: 353616
time: 0.037616 seconds
