hostname : sth-c1.uncc.edu
bounding: [1053872.965;1068485.726]x[860186.8419;879395.9741]x[3;730]
read 11056 observations
res: 100 100 1 bw: 250 250 1
voxsize: 148x194x728 size:79.736084MB
voxBW: 3 1
Initialization time: 0.010789
intersect: 16669
decomposition time: 0.001512 seconds
max load: 427 avgloadperbox: 21.59375 avgloadpercore: 691
compute: 0.001927 seconds
evaluations: 1588733
time: 0.014407 seconds
