hostname : sth-c12.uncc.edu
bounding: [1053872.965;1068485.726]x[860186.8419;879395.9741]x[3;730]
read 11056 observations
res: 50 50 1 bw: 100 100 1
voxsize: 294x386x728 size:315.156372MB
voxBW: 2 1
Initialization time: 0.153224
intersect: 11990
decomposition time: 0.001983 seconds
max load: 3265 avgloadperbox: 1382 avgloadpercore: 11056
compute: 0.011254 seconds
evaluations: 353616
time: 0.166672 seconds
