hostname : sth-c12.uncc.edu
bounding: [1053872.965;1068485.726]x[860186.8419;879395.9741]x[3;730]
read 11056 observations
res: 100 100 1 bw: 250 250 1
voxsize: 148x194x728 size:79.736084MB
voxBW: 3 1
Initialization time: 0.022696
intersect: 12393
decomposition time: 0.002026 seconds
max load: 3241 avgloadperbox: 691 avgloadpercore: 2764
compute: 0.006621 seconds
evaluations: 792684
time: 0.031651 seconds
