hostname : sth-c22.uncc.edu
bounding: [1053872.965;1068485.726]x[860186.8419;879395.9741]x[3;730]
read 11056 observations
res: 50 50 1 bw: 2500 2500 1
voxsize: 294x386x728 size:315.156372MB
voxBW: 50 1
Initialization time: 0.075309
intersect: 49135
decomposition time: 0.002421 seconds
max load: 4679 avgloadperbox: 172.75 avgloadpercore: 11056
compute: 1.905822 seconds
evaluations: 215015600
time: 1.983781 seconds
