hostname : sth-c1.uncc.edu
bounding: [1053872.965;1068485.726]x[860186.8419;879395.9741]x[3;730]
read 11056 observations
res: 100 100 1 bw: 250 250 1
voxsize: 148x194x728 size:79.736084MB
voxBW: 3 1
Initialization time: 0.010693
intersect: 25486
decomposition time: 0.002687 seconds
max load: 128 avgloadperbox: 2.69921875 avgloadpercore: 5528
compute: 0.007508 seconds
evaluations: 1554628
time: 0.021400 seconds
