bounding: [1053872.965;1068485.726]x[860186.8419;879395.9741]x[3;730]
read 11056 observations
res: 100 100 1 bw: 250 250 1
voxsize: 148x194x728 size:79.736084MB
voxBW: 3 1
Initialization time: 0.010479
adding 1064383.17,877617.301,3 to 1063005.94;1064832.54 876994.833;879395.974 3;730
intersect: 16434
decomposition time: 0.001589 seconds
max load: 1061 avgloadperbox: 172.75 avgloadpercore: 5528
compute: 0.004800 seconds
evaluations: 788646
time: 0.017009 seconds
