bounding: [1053872.965;1068485.726]x[860186.8419;879395.9741]x[3;730]
read 11056 observations
res: 50 50 1 bw: 2500 2500 1
voxsize: 294x386x728 size:315.156372MB
voxBW: 50 1
Initialization time: 0.035370
adding 1064383.17,877617.301,3 to 1053872.97;1068485.73 874593.691;879395.974 3;730
intersect: 21898
decomposition time: 0.000844 seconds
max load: 8961 avgloadperbox: 2764 avgloadpercore: 2764
compute: 0.861917 seconds
evaluations: 215015600
time: 0.898243 seconds
