hostname : sth-c22.uncc.edu
bounding: [1053872.965;1068485.726]x[860186.8419;879395.9741]x[3;730]
read 11056 observations
res: 50 50 1 bw: 2500 2500 1
voxsize: 294x386x728 size:315.156372MB
voxBW: 50 1
Initialization time: 0.081944
intersect: 74839
decomposition time: 0.007369 seconds
max load: 6564 avgloadperbox: 345.5 avgloadpercore: 5528
compute: 1.777236 seconds
evaluations: 215015600
time: 1.866976 seconds
