hostname : sth-c11.uncc.edu
bounding: [-89;89]x[-180;180]x[71836;79136]
read 291990435 observations
res: 0.1 0.1 3 bw: 1 1 7
voxsize: 1781x3601x2435 size:59572.5355MB
voxBW: 10 3
decomposition time: 13.349748 seconds
max load: 27302857 avgloadperbox: 71286.7273 avgloadpercore: 291990435 total load: 291990435
Initialization time: 13.456218
mem: 5832
compute: 2239.822546 seconds
evaluations: 0
time: 2266.673315 seconds
