hostname : sth-c16.uncc.edu
bounding: [-89;89]x[-180;180]x[71836;79136]
read 291990435 observations
res: 0.1 0.1 3 bw: 3 3 14
voxsize: 1781x3601x2435 size:59572.5355MB
voxBW: 30 5
Initialization time: 5.500984
intersect: 1001250886
decomposition time: 63.115072 seconds
max load: 13101433 avgloadperbox: 8910.84091 avgloadpercore: 18249402.2
compute: 2258.372195 seconds
evaluations: 11719309626997
time: 2327.070252 seconds
