hostname : sth-c2.uncc.edu
bounding: [-89;89]x[-180;180]x[71836;79136]
read 291990435 observations
res: 0.5 0.5 3 bw: 3 3 14
voxsize: 357x721x2435 size:2390.90612MB
voxBW: 6 5
Initialization time: 0.221130
intersect: 409700502
decomposition time: 22.753281 seconds
max load: 123073882 avgloadperbox: 4562350.55 avgloadpercore: 18249402.2
compute: 397.753511 seconds
evaluations: 544547987026
time: 420.752614 seconds
