hostname : sth-c10.uncc.edu
bounding: [-89;89]x[-180;180]x[71836;79136]
read 291990435 observations
res: 0.5 0.5 3 bw: 3 3 14
voxsize: 357x721x2435 size:2390.90612MB
voxBW: 6 5
decomposition time: 12.499154 seconds
max load: 291990435 avgloadperbox: 291990435 avgloadpercore: 18249402.2 total load: 291990435
Initialization time: 0.219096
mem: 27
compute: 1093.757076 seconds
evaluations: 0
time: 1106.488070 seconds
