hostname : sth-c3.uncc.edu
bounding: [-89;89]x[-180;180]x[71836;79136]
read 291990435 observations
res: 0.5 0.5 3 bw: 1 1 7
voxsize: 357x721x2435 size:2390.90612MB
voxBW: 2 3
Initialization time: 0.224466
intersect: 733326783
decomposition time: 334.304283 seconds
max load: 3751164 avgloadperbox: 1113.85511 avgloadpercore: 36498804.4
compute: 20.400266 seconds
evaluations: 49704742426
time: 354.973497 seconds
