hostname : sth-c20.uncc.edu
bounding: [-89;89]x[-180;180]x[71836;79136]
read 291990435 observations
res: 0.1 0.1 3 bw: 1 1 7
voxsize: 1781x3601x2435 size:59572.5355MB
voxBW: 10 3
Initialization time: 5.496251
intersect: 474906361
decomposition time: 30.983188 seconds
max load: 10206706 avgloadperbox: 8910.84091 avgloadpercore: 36498804.4
compute: 303.564126 seconds
evaluations: 881988696517
time: 340.073673 seconds
