hostname : sth-c3.uncc.edu
bounding: [-89;89]x[-180;180]x[71836;79136]
read 291990435 observations
res: 0.5 0.5 3 bw: 1 1 7
voxsize: 357x721x2435 size:2390.90612MB
voxBW: 2 3
Initialization time: 0.316968
intersect: 474906361
decomposition time: 144.654879 seconds
max load: 10206706 avgloadperbox: 8910.84091 avgloadpercore: 145995218
compute: 69.962885 seconds
evaluations: 50717804111
time: 214.967661 seconds
