hostname : sth-c13.uncc.edu
bounding: [-89;89]x[-180;180]x[71836;79136]
read 291990435 observations
res: 0.1 0.1 3 bw: 3 3 14
voxsize: 1781x3601x2435 size:59572.5355MB
voxBW: 30 5
Initialization time: 5.485356
intersect: 1001250886
decomposition time: 57.938274 seconds
max load: 13101433 avgloadperbox: 8910.84091 avgloadpercore: 36498804.4
compute: 4208.432475 seconds
evaluations: 11719309626997
time: 4271.949358 seconds
