hostname : sth-c20.uncc.edu
bounding: [-89;89]x[-180;180]x[71836;79136]
read 291990435 observations
res: 0.1 0.1 3 bw: 1 1 7
voxsize: 1781x3601x2435 size:59572.5355MB
voxBW: 10 3
Initialization time: 5.841913
intersect: 286815706
decomposition time: 14.772046 seconds
max load: 249909723 avgloadperbox: 36498804.4 avgloadpercore: 72997608.8
compute: 1977.461117 seconds
evaluations: 878771121212
time: 1998.091236 seconds
