hostname : sth-c18.uncc.edu
bounding: [-89;89]x[-180;180]x[71836;79136]
read 291990435 observations
res: 0.5 0.5 3 bw: 1 1 7
voxsize: 357x721x2435 size:2390.90612MB
voxBW: 2 3
Initialization time: 0.222970
intersect: 284734247
decomposition time: 14.682227 seconds
max load: 284734247 avgloadperbox: 291990435 avgloadpercore: 36498804.4
compute: 128.717011 seconds
evaluations: 49801858690
time: 143.634673 seconds
