hostname : sth-c14.uncc.edu
bounding: [-89;89]x[-180;180]x[71836;79136]
read 291990435 observations
res: 0.5 0.5 3 bw: 3 3 14
voxsize: 357x721x2435 size:2390.90612MB
voxBW: 6 5
decomposition time: 13.281821 seconds
max load: 27302857 avgloadperbox: 71286.7273 avgloadpercore: 36498804.4 total load: 291990435
Initialization time: 0.221203
mem: 5832
compute: 330.688986 seconds
evaluations: 0
time: 344.209918 seconds
