hostname : sth-c2.uncc.edu
bounding: [-89;89]x[-180;180]x[71836;79136]
read 291990435 observations
res: 0.5 0.5 3 bw: 3 3 14
voxsize: 357x721x2435 size:2390.90612MB
voxBW: 6 5
Initialization time: 0.224934
intersect: 423339830
decomposition time: 39.723813 seconds
max load: 73958534 avgloadperbox: 570293.818 avgloadpercore: 18249402.2
compute: 247.036357 seconds
evaluations: 544627752047
time: 287.040611 seconds
