hostname : sth-c20.uncc.edu
bounding: [-89;89]x[-180;180]x[71836;79136]
read 291990435 observations
res: 0.1 0.1 3 bw: 1 1 7
voxsize: 1781x3601x2435 size:59572.5355MB
voxBW: 10 3
Initialization time: 5.524367
intersect: 286815706
decomposition time: 14.811275 seconds
max load: 249909723 avgloadperbox: 36498804.4 avgloadpercore: 18249402.2
compute: 1971.497784 seconds
evaluations: 878771121212
time: 1991.847909 seconds
