hostname : sth-c3.uncc.edu
bounding: [-89;89]x[-180;180]x[71836;79136]
read 291990435 observations
res: 0.5 0.5 3 bw: 1 1 7
voxsize: 357x721x2435 size:2390.90612MB
voxBW: 2 3
Initialization time: 0.527790
intersect: 286815706
decomposition time: 11.142791 seconds
max load: 249909723 avgloadperbox: 36498804.4 avgloadpercore: 291990435
compute: 128.208755 seconds
evaluations: 49868008743
time: 139.892882 seconds
