hostname : sth-c3.uncc.edu
bounding: [-89;89]x[-180;180]x[71836;79136]
read 291990435 observations
res: 0.1 0.1 3 bw: 1 1 7
voxsize: 1781x3601x2435 size:59572.5355MB
voxBW: 10 3
Initialization time: 5.529123
intersect: 286815706
decomposition time: 11.169574 seconds
max load: 249909723 avgloadperbox: 36498804.4 avgloadpercore: 18249402.2
compute: 1968.533201 seconds
evaluations: 878771121212
time: 1985.253669 seconds
