hostname : sth-c3.uncc.edu
bounding: [-89;89]x[-180;180]x[71836;79136]
read 291990435 observations
res: 0.1 0.1 3 bw: 1 1 7
voxsize: 1781x3601x2435 size:59572.5355MB
voxBW: 10 3
Initialization time: 5.518433
intersect: 733326783
decomposition time: 335.273663 seconds
max load: 3751164 avgloadperbox: 1113.85511 avgloadpercore: 18249402.2
compute: 158.169189 seconds
evaluations: 878496345406
time: 499.041098 seconds
