hostname : sth-c13.uncc.edu
bounding: [-89;89]x[-180;180]x[71836;79136]
read 291990435 observations
res: 0.1 0.1 3 bw: 3 3 14
voxsize: 1781x3601x2435 size:59572.5355MB
voxBW: 30 5
Initialization time: 5.510145
intersect: 409700502
decomposition time: 21.755913 seconds
max load: 123073882 avgloadperbox: 4562350.55 avgloadpercore: 18249402.2
compute: 12109.731918 seconds
evaluations: 11717852908896
time: 12137.024591 seconds
