hostname : sth-c3.uncc.edu
bounding: [-89;89]x[-180;180]x[71836;79136]
read 291990435 observations
res: 0.5 0.5 3 bw: 1 1 7
voxsize: 357x721x2435 size:2390.90612MB
voxBW: 2 3
Initialization time: 0.227016
intersect: 319437178
decomposition time: 19.337688 seconds
max load: 115179648 avgloadperbox: 4562350.55 avgloadpercore: 18249402.2
compute: 49.422093 seconds
evaluations: 50975708365
time: 69.009223 seconds
