hostname : sth-c13.uncc.edu
bounding: [-89;89]x[-180;180]x[71836;79136]
read 291990435 observations
res: 0.1 0.1 3 bw: 3 3 14
voxsize: 1781x3601x2435 size:59572.5355MB
voxBW: 30 5
Initialization time: 5.579444
intersect: 284744060
decomposition time: 15.606178 seconds
max load: 284744060 avgloadperbox: 291990435 avgloadpercore: 18249402.2
compute: 33920.394575 seconds
evaluations: 11640215611445
time: 33941.593987 seconds
