hostname : sth-c2.uncc.edu
bounding: [-89;89]x[-180;180]x[71836;79136]
read 291990435 observations
res: 0.5 0.5 3 bw: 3 3 14
voxsize: 357x721x2435 size:2390.90612MB
voxBW: 6 5
Initialization time: 0.220215
intersect: 2315022086
decomposition time: 722.834598 seconds
max load: 7496844 avgloadperbox: 1113.85511 avgloadpercore: 36498804.4
compute: 181.629722 seconds
evaluations: 541826648565
time: 904.923846 seconds
