hostname : sth-c3.uncc.edu
bounding: [-89;89]x[-180;180]x[71836;79136]
read 291990435 observations
res: 0.1 0.1 3 bw: 1 1 7
voxsize: 1781x3601x2435 size:5.957e+04MB
voxBW: 10 3
Initialization time: 16.249091
compute: 2213.210808 seconds
evaluations: 878506354929
time: 2229.460231 seconds
