hostname : sth-c2.uncc.edu
bounding: [-89;89]x[-180;180]x[71836;79136]
read 291990435 observations
res: 0.5 0.5 3 bw: 3 3 14
voxsize: 357x721x2435 size:2390.90612MB
voxBW: 6 5
Initialization time: 0.221499
intersect: 284744060
decomposition time: 10.324361 seconds
max load: 284744060 avgloadperbox: 291990435 avgloadpercore: 18249402.2
compute: 1078.077501 seconds
evaluations: 528676541991
time: 1088.636039 seconds
