hostname : sth-c11.uncc.edu
bounding: [-89;89]x[-180;180]x[71836;79136]
read 291990435 observations
res: 0.1 0.1 3 bw: 1 1 7
voxsize: 1781x3601x2435 size:59572.5355MB
voxBW: 10 3
Initialization time: 13.332649
intersect: 286815706
decomposition time: 16.309551 seconds
max load: 249909723 avgloadperbox: 36498804.4 avgloadpercore: 291990435
compute: 2244.679364 seconds
evaluations: 878771121212
time: 2274.336906 seconds
