hostname : sth-c16.uncc.edu
bounding: [-89;89]x[-180;180]x[71836;79136]
read 291990435 observations
res: 0.5 0.5 3 bw: 3 3 14
voxsize: 357x721x2435 size:2391MB
voxBW: 6 5
Initialization time: 0.937612
compute: 95.138018 seconds
reduce: 3.823695 seconds
evaluations: 528677176924
time: 99.997719 seconds
