hostname : sth-c1.uncc.edu
bounding: [-89;89]x[-180;180]x[71836;79136]
read 291990435 observations
res: 0.5 0.5 3 bw: 1 1 7
voxsize: 357x721x2435 size:2390.90612MB
voxBW: 2 3
decomposition time: 10.781926 seconds
max load: 107380363 avgloadperbox: 4562350.55 avgloadpercore: 145995218 total load: 291990435
Initialization time: 0.315223
mem: 216
compute: 111.427161 seconds
evaluations: 0
time: 122.542049 seconds
