hostname : sth-c13.uncc.edu
bounding: [-89;89]x[-180;180]x[71836;79136]
read 291990435 observations
res: 0.1 0.1 3 bw: 3 3 14
voxsize: 1781x3601x2435 size:59572.5355MB
voxBW: 30 5
Initialization time: 5.525186
intersect: 288582718
decomposition time: 14.791478 seconds
max load: 250435991 avgloadperbox: 36498804.4 avgloadpercore: 18249402.2
compute: 29938.777236 seconds
evaluations: 11642545798930
time: 29959.115329 seconds
