hostname : sth-c20.uncc.edu
bounding: [-89;89]x[-180;180]x[71836;79136]
read 291990435 observations
res: 0.1 0.1 3 bw: 1 1 7
voxsize: 1781x3601x2435 size:59572.5355MB
voxBW: 10 3
Initialization time: 5.487167
intersect: 733326783
decomposition time: 46.013969 seconds
max load: 3751164 avgloadperbox: 1113.85511 avgloadpercore: 36498804.4
compute: 316.342064 seconds
evaluations: 878496345406
time: 367.917183 seconds
