hostname : sth-c1.uncc.edu
bounding: [-89;89]x[-180;180]x[71836;79136]
read 291990435 observations
res: 0.5 0.5 3 bw: 1 1 7
voxsize: 357x721x2435 size:2390.90612MB
voxBW: 2 3
decomposition time: 14.034284 seconds
max load: 2169457 avgloadperbox: 1113.85511 avgloadpercore: 36498804.4 total load: 291990435
Initialization time: 0.225967
mem: 287496
compute: 16.755657 seconds
evaluations: 0
time: 31.037673 seconds
