hostname : sth-c3.uncc.edu
bounding: [-89;89]x[-180;180]x[71836;79136]
read 291990435 observations
res: 0.5 0.5 3 bw: 1 1 7
voxsize: 357x721x2435 size:2390.90612MB
voxBW: 2 3
Initialization time: 0.527725
intersect: 363028366
decomposition time: 63.841059 seconds
max load: 30605517 avgloadperbox: 71286.7273 avgloadpercore: 291990435
compute: 133.185134 seconds
evaluations: 51123867080
time: 197.574114 seconds
