hostname : sth-c1.uncc.edu
bounding: [-89;89]x[-180;180]x[71836;79136]
read 291990435 observations
res: 0.5 0.5 3 bw: 1 1 7
voxsize: 357x721x2435 size:2390.90612MB
voxBW: 2 3
decomposition time: 13.994426 seconds
max load: 2169457 avgloadperbox: 1113.85511 avgloadpercore: 291990435 total load: 291990435
Initialization time: 0.528324
mem: 287496
compute: 124.549656 seconds
evaluations: 0
time: 139.109468 seconds
