hostname : sth-c15.uncc.edu
bounding: [-89;89]x[-180;180]x[71836;79136]
read 291990435 observations
res: 0.5 0.5 3 bw: 3 3 14
voxsize: 357x721x2435 size:2390.90612MB
voxBW: 6 5
Initialization time: 0.314689
intersect: 288582718
decomposition time: 15.670661 seconds
max load: 250435991 avgloadperbox: 36498804.4 avgloadpercore: 145995218
compute: 970.217404 seconds
evaluations: 529178498036
time: 986.221252 seconds
