hostname : sth-c18.uncc.edu
bounding: [-89;89]x[-180;180]x[71836;79136]
read 291990435 observations
res: 0.5 0.5 3 bw: 1 1 7
voxsize: 357x721x2435 size:2390.90612MB
voxBW: 2 3
Initialization time: 0.222192
intersect: 474906361
decomposition time: 30.813447 seconds
max load: 10206706 avgloadperbox: 8910.84091 avgloadpercore: 36498804.4
compute: 18.453776 seconds
evaluations: 50717804111
time: 49.511871 seconds
