hostname : sth-c11.uncc.edu
bounding: [-89;89]x[-180;180]x[71836;79136]
read 291990435 observations
res: 0.1 0.1 3 bw: 1 1 7
voxsize: 1781x3601x2435 size:59572.5355MB
voxBW: 10 3
Initialization time: 13.333969
intersect: 319437178
decomposition time: 21.239095 seconds
max load: 115179648 avgloadperbox: 4562350.55 avgloadpercore: 291990435
compute: 2240.145325 seconds
evaluations: 883601498354
time: 2274.738805 seconds
