hostname : sth-c4.uncc.edu
bounding: [-39;77]x[-159;148]x[0;5950]
read 31478 observations
res: 0.2 0.2 1 bw: 1 1 7
voxsize: 581x1536x5951 size:20258.9707MB
voxBW: 5 7
Initialization time: 3.005817
intersect: 36351
decomposition time: 0.003163 seconds
max load: 2361 avgloadperbox: 122.960938 avgloadpercore: 7869.5
compute: 0.041202 seconds
evaluations: 44064960
time: 3.050388 seconds
