hostname : sth-c4.uncc.edu
bounding: [-39;77]x[-159;148]x[0;5950]
read 31478 observations
res: 1 1 7 bw: 1 1 7
voxsize: 117x308x851 size:116.983932MB
voxBW: 1 1
Initialization time: 0.030790
intersect: 35112
decomposition time: 0.007159 seconds
max load: 2361 avgloadperbox: 245.921875 avgloadpercore: 7869.5
compute: 0.002113 seconds
evaluations: 251636
time: 0.040434 seconds
