hostname : sth-c4.uncc.edu
bounding: [-39;77]x[-159;148]x[0;5950]
read 31478 observations
res: 1 1 7 bw: 1 1 7
voxsize: 117x308x851 size:116.983932MB
voxBW: 1 1
Initialization time: 0.055561
intersect: 36575
decomposition time: 0.008698 seconds
max load: 3921 avgloadperbox: 122.960938 avgloadpercore: 31478
compute: 0.006700 seconds
evaluations: 251456
time: 0.071342 seconds
