hostname : sth-c25.uncc.edu
bounding: [-39;77]x[-159;148]x[0;5950]
read 31478 observations
res: 0.5 0.5 3 bw: 2 2 21
voxsize: 233x615x1985 size:1085.05468MB
voxBW: 4 7
Initialization time: 0.144210
intersect: 35561
decomposition time: 0.002112 seconds
max load: 4024 avgloadperbox: 491.84375 avgloadpercore: 15739
compute: 0.026213 seconds
evaluations: 28194880
time: 0.172655 seconds
