hostname : sth-c4.uncc.edu
bounding: [-39;77]x[-159;148]x[0;5950]
read 31478 observations
res: 1 1 7 bw: 1 1 7
voxsize: 117x308x851 size:116.983932MB
voxBW: 1 1
Initialization time: 0.035466
intersect: 35961
decomposition time: 0.007347 seconds
max load: 3761 avgloadperbox: 491.84375 avgloadpercore: 15739
compute: 0.003694 seconds
evaluations: 251500
time: 0.046811 seconds
