bounding: [-39;77]x[-159;148]x[0;5950]
read 31478 observations
res: 1 1 7 bw: 1 1 7
voxsize: 117x308x851 size:116.983932MB
voxBW: 1 1
Initialization time: 0.015903
decomposition time: 0.008455 seconds
max load: 868 avgloadperbox: 0.120079041 avgloadpercore: 15739 total load: 31478
compute: 0.039881 seconds
evaluations: 251812
time: 0.066500 seconds
