hostname : sth-c25.uncc.edu
bounding: [-39;77]x[-159;148]x[0;5950]
read 31478 observations
res: 0.5 0.5 3 bw: 2 2 21
voxsize: 233x615x1985 size:1085.05468MB
voxBW: 4 7
Initialization time: 0.103624
intersect: 37661
decomposition time: 0.002616 seconds
max load: 3975 avgloadperbox: 245.921875 avgloadpercore: 1967.375
compute: 0.008641 seconds
evaluations: 28194880
time: 0.115000 seconds
