hostname : sth-c4.uncc.edu
bounding: [-39;77]x[-159;148]x[0;5950]
read 31478 observations
res: 1 1 7 bw: 1 1 7
voxsize: 117x308x851 size:116.983932MB
voxBW: 1 1
decomposition time: 0.006827 seconds
max load: 1230 avgloadperbox: 0.960632324 avgloadpercore: 31478 total load: 31478
Initialization time: 0.055404
mem: 39304
compute: 0.009594 seconds
evaluations: 0
time: 0.151885 seconds
