bounding: [-39;77]x[-159;148]x[0;5950]
read 31478 observations
res: 0.5 0.5 3 bw: 2 2 21
voxsize: 233x615x1985 size:1085.05468MB
voxBW: 4 7
Initialization time: 0.102192
decomposition time: 0.002950 seconds
max load: 1230 avgloadperbox: 0.960632324 avgloadpercore: 3934.75 total load: 31478
compute: 0.010829 seconds
evaluations: 28194880
time: 0.116601 seconds
