hostname : sth-c4.uncc.edu
bounding: [-39;77]x[-159;148]x[0;5950]
read 31478 observations
res: 0.2 0.2 1 bw: 1 1 7
voxsize: 581x1536x5951 size:20258.9707MB
voxBW: 5 7
Initialization time: 2.990404
intersect: 35918
decomposition time: 0.002158 seconds
max load: 7772 avgloadperbox: 983.6875 avgloadpercore: 15739
compute: 0.076941 seconds
evaluations: 44064960
time: 3.069648 seconds
