bounding: [-39;77]x[-159;148]x[0;5950]
read 31478 observations
res: 0.2 0.2 1 bw: 2 2 21
voxsize: 581x1536x5951 size:20258.9707MB
voxBW: 10 21
Initialization time: 4.455154
adding 34.631428,36.326969,3506 to -39;77 -159;148 0;5950
intersect: 31478
decomposition time: 0.001688 seconds
max load: 31478 avgloadperbox: 31478 avgloadpercore: 31478
compute: 1.526215 seconds
evaluations: 528611320
time: 5.983226 seconds
