hostname : sth-c4.uncc.edu
bounding: [-39;77]x[-159;148]x[0;5950]
read 31478 observations
res: 0.2 0.2 1 bw: 1 1 7
voxsize: 581x1536x5951 size:20258.9707MB
voxBW: 5 7
Initialization time: 3.103202
intersect: 35112
decomposition time: 0.002907 seconds
max load: 2361 avgloadperbox: 245.921875 avgloadpercore: 15739
compute: 0.064726 seconds
evaluations: 44064960
time: 3.170986 seconds
