hostname : sth-c18.uncc.edu
bounding: [-39;77]x[-159;148]x[0;5950]
read 31478 observations
res: 0.2 0.2 1 bw: 2 2 21
voxsize: 581x1536x5951 size:20258.9707MB
voxBW: 10 21
Initialization time: 1.925044
intersect: 31478
decomposition time: 0.001021 seconds
max load: 31478 avgloadperbox: 31478 avgloadpercore: 1967.375
compute: 2.323346 seconds
evaluations: 596650362
time: 4.249594 seconds
