hostname : sth-c17.uncc.edu
bounding: [-39;77]x[-159;148]x[0;5950]
read 31478 observations
res: 0.2 0.2 1 bw: 1 1 7
voxsize: 581x1536x5951 size:20258.9707MB
voxBW: 5 7
Initialization time: 4.494440
intersect: 34971
decomposition time: 0.001974 seconds
max load: 4006 avgloadperbox: 491.84375 avgloadpercore: 31478
compute: 0.108926 seconds
evaluations: 57598607
time: 4.605459 seconds
