bounding: [-39;77]x[-159;148]x[0;5950]
read 31478 observations
res: 1 1 7 bw: 1 1 7
voxsize: 117x308x851 size:116.983932MB
voxBW: 1 1
Initialization time: 0.011755
decomposition time: 0.001156 seconds
max load: 3996 avgloadperbox: 491.84375 avgloadpercore: 7869.5 total load: 31478
compute: 0.001469 seconds
evaluations: 251812
time: 0.014511 seconds
