hostname : sth-c9.uncc.edu
bounding: [-39;77]x[-159;148]x[0;5950]
read 31478 observations
res: 0.5 0.5 3 bw: 1 1 7
voxsize: 233x615x1985 size:1085.05468MB
voxBW: 2 3
Initialization time: 0.221627
intersect: 32142
decomposition time: 0.004307 seconds
max load: 5522 avgloadperbox: 1967.375 avgloadpercore: 1967.375
compute: 0.006003 seconds
evaluations: 3021088
time: 0.232160 seconds
