bounding: [-39;77]x[-159;148]x[0;5950]
read 31478 observations
res: 0.2 0.2 1 bw: 1 1 7
voxsize: 581x1536x5951 size:20258.9707MB
voxBW: 5 7
Initialization time: 1.917013
adding 34.631428,36.326969,3506 to -39;77 32.875;71.25 2975;3718.75
intersect: 32651
decomposition time: 0.002685 seconds
max load: 3570 avgloadperbox: 491.84375 avgloadpercore: 1967.375
compute: 0.032971 seconds
evaluations: 44064960
time: 1.952803 seconds
