bounding: [-39;77]x[-159;148]x[0;5950]
read 31478 observations
res: 0.5 0.5 3 bw: 2 2 21
voxsize: 233x615x1985 size:1085.05468MB
voxBW: 4 7
Initialization time: 0.104083
decomposition time: 0.001677 seconds
max load: 1901 avgloadperbox: 7.68505859 avgloadpercore: 1967.375 total load: 31478
compute: 0.012269 seconds
evaluations: 28194880
time: 0.118245 seconds
