hostname : sth-c4.uncc.edu
bounding: [-39;77]x[-159;148]x[0;5950]
read 31478 observations
res: 1 1 7 bw: 1 1 7
voxsize: 117x308x851 size:116.983932MB
voxBW: 1 1
Initialization time: 0.028207
intersect: 32142
decomposition time: 0.004403 seconds
max load: 5522 avgloadperbox: 1967.375 avgloadpercore: 3934.75
compute: 0.001634 seconds
evaluations: 251636
time: 0.034604 seconds
