hostname : sth-c25.uncc.edu
bounding: [-39;77]x[-159;148]x[0;5950]
read 31478 observations
res: 0.2 0.2 1 bw: 2 2 21
voxsize: 581x1536x5951 size:20258.9707MB
voxBW: 10 21
Initialization time: 2.682856
intersect: 41268
decomposition time: 0.003777 seconds
max load: 2365 avgloadperbox: 61.4804688 avgloadpercore: 15739
compute: 1.052609 seconds
evaluations: 528530680
time: 3.739410 seconds
