hostname : sth-c2.uncc.edu
bounding: [-39;77]x[-159;148]x[0;5950]
read 31478 observations
res: 0.5 0.5 3 bw: 2 2 21
voxsize: 233x615x1985 size:1085.05468MB
voxBW: 4 7
Initialization time: 0.106198
intersect: 31663
decomposition time: 0.001321 seconds
max load: 17241 avgloadperbox: 3934.75 avgloadpercore: 7869.5
compute: 0.029697 seconds
evaluations: 28194880
time: 0.137387 seconds
