bounding: [-39;77]x[-159;148]x[0;5950]
read 31478 observations
res: 1 1 7 bw: 1 1 7
voxsize: 117x308x851 size:116.983932MB
voxBW: 1 1
Initialization time: 0.012044
decomposition time: 0.001649 seconds
max load: 1901 avgloadperbox: 7.68505859 avgloadpercore: 7869.5 total load: 31478
mem: 5832
compute: 0.013437 seconds
evaluations: 0
time: 0.027354 seconds
