hostname : sth-c14.uncc.edu
bounding: [-39;77]x[-159;148]x[0;5950]
read 31478 observations
res: 1 1 7 bw: 2 2 21
voxsize: 117x308x851 size:116.983932MB
voxBW: 2 3
decomposition time: 0.001484 seconds
max load: 1901 avgloadperbox: 7.68505859 avgloadpercore: 1967.375 total load: 31478
Initialization time: 0.012822
mem: 5832
compute: 0.002015 seconds
evaluations: 0
time: 0.016518 seconds
