bounding: [-39;77]x[-159;148]x[0;5950]
read 31478 observations
res: 1 1 7 bw: 1 1 7
voxsize: 117x308x851 size:116.983932MB
voxBW: 1 1
Initialization time: 0.015497
adding 34.631428,36.326969,3506 to 33.5;48 32.875;71.25 2975;3718.75
intersect: 36719
decomposition time: 0.003703 seconds
max load: 2361 avgloadperbox: 61.4804688 avgloadpercore: 15739
compute: 0.001441 seconds
evaluations: 251456
time: 0.020852 seconds
