bounding: [-39;77]x[-159;148]x[0;5950]
read 31478 observations
res: 0.2 0.2 1 bw: 1 1 7
voxsize: 581x1536x5951 size:20258.9707MB
voxBW: 5 7
Initialization time: 1.906824
adding 34.631428,36.326969,3506 to -39;77 32.875;71.25 2975;4462.5
intersect: 32510
decomposition time: 0.002297 seconds
max load: 5497 avgloadperbox: 983.6875 avgloadpercore: 1967.375
compute: 0.030366 seconds
evaluations: 44064960
time: 1.939628 seconds
