hostname : sth-c14.uncc.edu
bounding: [-39;77]x[-159;148]x[0;5950]
read 31478 observations
res: 0.5 0.5 3 bw: 1 1 7
voxsize: 233x615x1985 size:1085.05468MB
voxBW: 2 3
Initialization time: 0.142939
intersect: 116391
decomposition time: 0.022461 seconds
max load: 932 avgloadperbox: 0.120079041 avgloadpercore: 15739
compute: 0.037727 seconds
evaluations: 5350139
time: 0.205891 seconds
