bounding: [-39;77]x[-159;148]x[0;5950]
read 31478 observations
res: 0.2 0.2 1 bw: 2 2 21
voxsize: 581x1536x5951 size:20258.9707MB
voxBW: 10 21
Initialization time: 4.449032
decomposition time: 0.001650 seconds
max load: 1901 avgloadperbox: 7.68505859 avgloadpercore: 31478 total load: 31478
compute: 1.956940 seconds
evaluations: 528611320
time: 6.407823 seconds
