hostname : sth-c4.uncc.edu
bounding: [-39;77]x[-159;148]x[0;5950]
read 31478 observations
res: 0.2 0.2 1 bw: 1 1 7
voxsize: 581x1536x5951 size:20258.9707MB
voxBW: 5 7
Initialization time: 1.962106
intersect: 35961
decomposition time: 0.002740 seconds
max load: 3761 avgloadperbox: 491.84375 avgloadpercore: 1967.375
compute: 0.021765 seconds
evaluations: 44064960
time: 1.986759 seconds
