bounding: [-39;77]x[-159;148]x[0;5950]
read 31478 observations
res: 0.2 0.2 1 bw: 2 2 21
voxsize: 581x1536x5951 size:2.026e+04MB
voxBW: 10 21
Initialization time: 5.176137
compute: 0.320547 seconds
reduce: 6.278033 seconds
evaluations: 528611320
time: 11.961592 seconds
