bounding: [-39;77]x[-159;148]x[0;5950]
read 31478 observations
res: 0.2 0.2 1 bw: 1 1 7
voxsize: 581x1536x5951 size:20258.9707MB
voxBW: 5 7
Initialization time: 4.804527
adding 34.631428,36.326969,3506 to 33.5;48 32.875;71.25 2975;3718.75
intersect: 36719
decomposition time: 0.003794 seconds
max load: 2361 avgloadperbox: 61.4804688 avgloadpercore: 31478
compute: 0.112770 seconds
evaluations: 44064960
time: 4.921210 seconds
