hostname : sth-c4.uncc.edu
bounding: [-39;77]x[-159;148]x[0;5950]
read 31478 observations
res: 0.2 0.2 1 bw: 1 1 7
voxsize: 581x1536x5951 size:20258.9707MB
voxBW: 5 7
decomposition time: 0.002896 seconds
max load: 1230 avgloadperbox: 0.960632324 avgloadpercore: 15739 total load: 31478
Initialization time: 3.096763
mem: 39304
compute: 0.080706 seconds
evaluations: 0
time: 3.258713 seconds
