hostname : sth-c9.uncc.edu
bounding: [-39;77]x[-159;148]x[0;5950]
read 31478 observations
res: 0.5 0.5 3 bw: 1 1 7
voxsize: 233x615x1985 size:1085.05468MB
voxBW: 2 3
Initialization time: 0.226855
intersect: 31904
decomposition time: 0.004534 seconds
max load: 9425 avgloadperbox: 3934.75 avgloadpercore: 1967.375
compute: 0.009098 seconds
evaluations: 3020768
time: 0.240708 seconds
