bounding: [-39;77]x[-159;148]x[0;5950]
read 31478 observations
res: 0.5 0.5 3 bw: 1 1 7
voxsize: 233x615x1985 size:1085.05468MB
voxBW: 2 3
Initialization time: 0.241407
adding 34.631428,36.326969,3506 to 33.5;48 -159;148 2975;3718.75
intersect: 35961
decomposition time: 0.002643 seconds
max load: 3761 avgloadperbox: 491.84375 avgloadpercore: 31478
compute: 0.009746 seconds
evaluations: 3020768
time: 0.253944 seconds
