hostname : sth-c9.uncc.edu
bounding: [-39;77]x[-159;148]x[0;5950]
read 31478 observations
res: 1 1 7 bw: 2 2 21
voxsize: 117x308x851 size:116.983932MB
voxBW: 2 3
Initialization time: 0.030700
intersect: 37601
decomposition time: 0.006236 seconds
max load: 7789 avgloadperbox: 983.6875 avgloadpercore: 7869.5
compute: 0.011565 seconds
evaluations: 3021408
time: 0.048905 seconds
