bounding: [-39;77]x[-159;148]x[0;5950]
read 31478 observations
res: 1 1 7 bw: 1 1 7
voxsize: 117x308x851 size:116.983932MB
voxBW: 1 1
Initialization time: 0.011798
adding 34.631428,36.326969,3506 to 33.5;48 -159;148 0;5950
intersect: 35528
decomposition time: 0.001991 seconds
max load: 11799 avgloadperbox: 3934.75 avgloadpercore: 1967.375
compute: 0.001710 seconds
evaluations: 251676
time: 0.015681 seconds
