bounding: [-39;77]x[-159;148]x[0;5950]
read 31478 observations
res: 0.2 0.2 1 bw: 1 1 7
voxsize: 581x1536x5951 size:2.026e+04MB
voxBW: 5 7
Initialization time: 4.861219
compute: 0.078224 seconds
reduce: 6.929349 seconds
evaluations: 44064960
time: 11.942472 seconds
