hostname : sth-c18.uncc.edu
bounding: [-39;77]x[-159;148]x[0;5950]
read 31478 observations
res: 0.2 0.2 1 bw: 2 2 21
voxsize: 581x1536x5951 size:2.026e+04MB
voxBW: 10 21
Initialization time: 5.185580
compute: 0.372811 seconds
reduce: 6.058068 seconds
evaluations: 596650362
time: 11.783342 seconds
