hostname : sth-c25.uncc.edu
bounding: [-39;77]x[-159;148]x[0;5950]
read 31478 observations
res: 0.2 0.2 1 bw: 2 2 21
voxsize: 581x1536x5951 size:20258.9707MB
voxBW: 10 21
Initialization time: 2.671983
intersect: 35697
decomposition time: 0.002040 seconds
max load: 5473 avgloadperbox: 983.6875 avgloadpercore: 15739
compute: 1.072836 seconds
evaluations: 528611320
time: 3.746985 seconds
