hostname : sth-c13.uncc.edu
bounding: [-39;77]x[-159;148]x[0;5950]
read 31478 observations
res: 1 1 7 bw: 2 2 21
voxsize: 117x308x851 size:116.983932MB
voxBW: 2 3
Initialization time: 0.011495
intersect: 41276
decomposition time: 0.003093 seconds
max load: 2365 avgloadperbox: 61.4804688 avgloadpercore: 3934.75
compute: 0.002917 seconds
evaluations: 5551712
time: 0.017644 seconds
