hostname : sth-c25.uncc.edu
bounding: [-39;77]x[-159;148]x[0;5950]
read 31478 observations
res: 0.5 0.5 3 bw: 2 2 21
voxsize: 233x615x1985 size:1085.05468MB
voxBW: 4 7
Initialization time: 0.102210
intersect: 36086
decomposition time: 0.002578 seconds
max load: 2365 avgloadperbox: 245.921875 avgloadpercore: 3934.75
compute: 0.008930 seconds
evaluations: 28194880
time: 0.113839 seconds
