bounding: [-39;77]x[-159;148]x[0;5950]
read 31478 observations
res: 0.2 0.2 1 bw: 1 1 7
voxsize: 581x1536x5951 size:20258.9707MB
voxBW: 5 7
Initialization time: 2.839496
adding 34.631428,36.326969,3506 to 19;48 -5.5;71.25 2975;4462.5
intersect: 34971
decomposition time: 0.002230 seconds
max load: 4006 avgloadperbox: 491.84375 avgloadpercore: 15739
compute: 0.061791 seconds
evaluations: 44064960
time: 2.903635 seconds
