bounding: [-39;77]x[-159;148]x[0;5950]
read 31478 observations
res: 0.2 0.2 1 bw: 2 2 21
voxsize: 581x1536x5951 size:20258.9707MB
voxBW: 10 21
Initialization time: 1.858572
decomposition time: 0.003045 seconds
max load: 1230 avgloadperbox: 0.960632324 avgloadpercore: 3934.75 total load: 31478
mem: 39304
compute: 0.369165 seconds
evaluations: 0
time: 2.231733 seconds
