hostname : sth-c9.uncc.edu
bounding: [-39;77]x[-159;148]x[0;5950]
read 31478 observations
res: 1 1 7 bw: 2 2 21
voxsize: 117x308x851 size:116.983932MB
voxBW: 2 3
Initialization time: 0.030816
intersect: 36603
decomposition time: 0.005226 seconds
max load: 12083 avgloadperbox: 3934.75 avgloadpercore: 7869.5
compute: 0.010053 seconds
evaluations: 2985360
time: 0.046481 seconds
