hostname : sth-c4.uncc.edu
bounding: [-39;77]x[-159;148]x[0;5950]
read 31478 observations
res: 1 1 7 bw: 1 1 7
voxsize: 117x308x851 size:116.983932MB
voxBW: 1 1
Initialization time: 0.036983
intersect: 32166
decomposition time: 0.004833 seconds
max load: 10828 avgloadperbox: 3934.75 avgloadpercore: 15739
compute: 0.003480 seconds
evaluations: 251768
time: 0.045664 seconds
