hostname : sth-c17.uncc.edu
bounding: [-39;77]x[-159;148]x[0;5950]
read 31478 observations
res: 0.2 0.2 1 bw: 2 2 21
voxsize: 581x1536x5951 size:20258.9707MB
voxBW: 10 21
Initialization time: 1.966639
intersect: 55868
decomposition time: 0.004981 seconds
max load: 1921 avgloadperbox: 7.68505859 avgloadpercore: 7869.5
compute: 0.599451 seconds
evaluations: 599409761
time: 2.571350 seconds
