bounding: [-39;77]x[-159;148]x[0;5950]
read 31478 observations
res: 0.2 0.2 1 bw: 1 1 7
voxsize: 581x1536x5951 size:20258.9707MB
voxBW: 5 7
Initialization time: 4.597128
adding 34.631428,36.326969,3506 to 33.5;48 -159;148 2975;4462.5
intersect: 35817
decomposition time: 0.002288 seconds
max load: 6331 avgloadperbox: 983.6875 avgloadpercore: 31478
compute: 0.109380 seconds
evaluations: 44064960
time: 4.708897 seconds
