bounding: [-39;77]x[-159;148]x[0;5950]
read 31478 observations
res: 0.2 0.2 1 bw: 2 2 21
voxsize: 581x1536x5951 size:20258.9707MB
voxBW: 10 21
Initialization time: 2.681278
decomposition time: 0.001115 seconds
max load: 31478 avgloadperbox: 31478 avgloadpercore: 15739 total load: 31478
compute: 2.120946 seconds
evaluations: 528611320
time: 4.803522 seconds
