bounding: [-39;77]x[-159;148]x[0;5950]
read 31478 observations
res: 1 1 7 bw: 1 1 7
voxsize: 117x308x851 size:116.983932MB
voxBW: 1 1
Initialization time: 0.025253
adding 34.631428,36.326969,3506 to 33.5;48 -159;148 0;5950
intersect: 35528
decomposition time: 0.001886 seconds
max load: 11799 avgloadperbox: 3934.75 avgloadpercore: 31478
compute: 0.002257 seconds
evaluations: 251676
time: 0.029527 seconds
