bounding: [-39;77]x[-159;148]x[0;5950]
read 31478 observations
res: 0.2 0.2 1 bw: 1 1 7
voxsize: 581x1536x5951 size:20258.9707MB
voxBW: 5 7
Initialization time: 2.680170
decomposition time: 0.002147 seconds
max load: 2352 avgloadperbox: 61.4804688 avgloadpercore: 15739 total load: 31478
compute: 0.085439 seconds
evaluations: 44064960
time: 2.767981 seconds
