hostname : sth-c4.uncc.edu
bounding: [-39;77]x[-159;148]x[0;5950]
read 31478 observations
res: 1 1 7 bw: 1 1 7
voxsize: 117x308x851 size:116.983932MB
voxBW: 1 1
decomposition time: 0.003116 seconds
max load: 3996 avgloadperbox: 491.84375 avgloadpercore: 15739 total load: 31478
Initialization time: 0.036213
mem: 216
compute: 0.004056 seconds
evaluations: 0
time: 0.044894 seconds
