hostname : sth-c9.uncc.edu
bounding: [-39;77]x[-159;148]x[0;5950]
read 31478 observations
res: 0.5 0.5 3 bw: 1 1 7
voxsize: 233x615x1985 size:1085.05468MB
voxBW: 2 3
Initialization time: 0.331089
intersect: 32651
decomposition time: 0.007164 seconds
max load: 3570 avgloadperbox: 491.84375 avgloadpercore: 15739
compute: 0.014516 seconds
evaluations: 3020768
time: 0.353040 seconds
