hostname : sth-c9.uncc.edu
bounding: [-39;77]x[-159;148]x[0;5950]
read 31478 observations
res: 0.5 0.5 3 bw: 1 1 7
voxsize: 233x615x1985 size:1085.05468MB
voxBW: 2 3
Initialization time: 0.380221
intersect: 36207
decomposition time: 0.004353 seconds
max load: 3959 avgloadperbox: 245.921875 avgloadpercore: 31478
compute: 0.015820 seconds
evaluations: 3021088
time: 0.400630 seconds
