hostname : sth-c4.uncc.edu
bounding: [-39;77]x[-159;148]x[0;5950]
read 31478 observations
res: 0.5 0.5 3 bw: 2 2 21
voxsize: 233x615x1985 size:1085.05468MB
voxBW: 4 7
decomposition time: 0.004285 seconds
max load: 1901 avgloadperbox: 7.68505859 avgloadpercore: 1967.375 total load: 31478
Initialization time: 0.230694
mem: 5832
compute: 0.014561 seconds
evaluations: 0
time: 0.249940 seconds
