bounding: [-39;77]x[-159;148]x[0;5950]
read 31478 observations
res: 1 1 7 bw: 1 1 7
voxsize: 117x308x851 size:116.983932MB
voxBW: 1 1
Initialization time: 0.025141
decomposition time: 0.001335 seconds
max load: 2352 avgloadperbox: 61.4804688 avgloadpercore: 31478 total load: 31478
mem: 1000
compute: 0.003507 seconds
evaluations: 0
time: 0.030100 seconds
