hostname : sth-c16.uncc.edu
bounding: [-39;77]x[-159;148]x[0;5950]
read 31478 observations
res: 0.5 0.5 3 bw: 2 2 21
voxsize: 233x615x1985 size:1085.05468MB
voxBW: 4 7
decomposition time: 0.001158 seconds
max load: 3996 avgloadperbox: 491.84375 avgloadpercore: 15739 total load: 31478
Initialization time: 0.142967
mem: 216
compute: 0.037005 seconds
evaluations: 0
time: 0.181233 seconds
