bounding: [-39;77]x[-159;148]x[0;5950]
read 31478 observations
res: 0.5 0.5 3 bw: 2 2 21
voxsize: 233x615x1985 size:1085.05468MB
voxBW: 4 7
Initialization time: 0.143287
adding 34.631428,36.326969,3506 to -39;77 32.875;71.25 2975;3718.75
intersect: 35863
decomposition time: 0.002674 seconds
max load: 3659 avgloadperbox: 491.84375 avgloadpercore: 15739
compute: 0.025869 seconds
evaluations: 28160272
time: 0.171939 seconds
