hostname : sth-c15.uncc.edu
bounding: [-39;77]x[-159;148]x[0;5950]
read 31478 observations
res: 0.5 0.5 3 bw: 1 1 7
voxsize: 233x615x1985 size:1085.05468MB
voxBW: 2 3
Initialization time: 0.105890
intersect: 31546
decomposition time: 0.001393 seconds
max load: 17199 avgloadperbox: 3934.75 avgloadpercore: 7869.5
compute: 0.009066 seconds
evaluations: 5507840
time: 0.116478 seconds
