bounding: [-39;77]x[-159;148]x[0;5950]
read 31478 observations
res: 1 1 7 bw: 2 2 21
voxsize: 117x308x851 size:116.983932MB
voxBW: 2 3
decomposition time: 0.001191 seconds
0,0,0 : 31478
max load: 31478 avgloadperbox: 31478 avgloadpercore: 15739 total load: 31478
Initialization time: 0.016430
mem: 27
compute: 0.009440 seconds
evaluations: 0
time: 0.028272 seconds
