hostname : sth-c4.uncc.edu
bounding: [-39;77]x[-159;148]x[0;5950]
read 31478 observations
res: 1 1 7 bw: 1 1 7
voxsize: 117x308x851 size:116.983932MB
voxBW: 1 1
Initialization time: 0.057472
intersect: 34592
decomposition time: 0.004617 seconds
max load: 8586 avgloadperbox: 1967.375 avgloadpercore: 31478
compute: 0.006496 seconds
evaluations: 251636
time: 0.068937 seconds
