hostname : sth-c9.uncc.edu
bounding: [-39;77]x[-159;148]x[0;5950]
read 31478 observations
res: 1 1 7 bw: 2 2 21
voxsize: 117x308x851 size:116.983932MB
voxBW: 2 3
Initialization time: 0.029051
intersect: 35561
decomposition time: 0.005683 seconds
max load: 4024 avgloadperbox: 491.84375 avgloadpercore: 3934.75
compute: 0.005733 seconds
evaluations: 3021408
time: 0.040758 seconds
