hostname : sth-c4.uncc.edu
bounding: [-39;77]x[-159;148]x[0;5950]
read 31478 observations
res: 1 1 7 bw: 1 1 7
voxsize: 117x308x851 size:116.983932MB
voxBW: 1 1
Initialization time: 0.028042
intersect: 31763
decomposition time: 0.003366 seconds
max load: 15641 avgloadperbox: 7869.5 avgloadpercore: 3934.75
compute: 0.003663 seconds
evaluations: 251636
time: 0.035411 seconds
