hostname : sth-c17.uncc.edu
bounding: [-39;77]x[-159;148]x[0;5950]
read 31478 observations
res: 0.2 0.2 1 bw: 2 2 21
voxsize: 581x1536x5951 size:20258.9707MB
voxBW: 10 21
Initialization time: 2.691062
intersect: 272466
decomposition time: 0.034973 seconds
max load: 1182 avgloadperbox: 0.120079041 avgloadpercore: 15739
compute: 1.158050 seconds
evaluations: 594791000
time: 3.887677 seconds
