hostname : sth-c17.uncc.edu
bounding: [-39;77]x[-159;148]x[0;5950]
read 31478 observations
res: 0.2 0.2 1 bw: 2 2 21
voxsize: 581x1536x5951 size:20258.9707MB
voxBW: 10 21
Initialization time: 4.498945
intersect: 272466
decomposition time: 0.034203 seconds
max load: 1182 avgloadperbox: 0.120079041 avgloadpercore: 31478
compute: 2.109547 seconds
evaluations: 594791000
time: 6.647743 seconds
