hostname : sth-c9.uncc.edu
bounding: [-39;77]x[-159;148]x[0;5950]
read 31478 observations
res: 0.2 0.2 1 bw: 1 1 7
voxsize: 581x1536x5951 size:20258.9707MB
voxBW: 5 7
decomposition time: 0.001252 seconds
max load: 2352 avgloadperbox: 61.4804688 avgloadpercore: 1967.375 total load: 31478
Initialization time: 2.508802
mem: 1000
compute: 0.034441 seconds
evaluations: 0
time: 2.544682 seconds
