bounding: [-39;77]x[-159;148]x[0;5950]
read 31478 observations
res: 0.2 0.2 1 bw: 2 2 21
voxsize: 581x1536x5951 size:20258.9707MB
voxBW: 10 21
Initialization time: 2.687936
decomposition time: 0.001679 seconds
max load: 1901 avgloadperbox: 7.68505859 avgloadpercore: 15739 total load: 31478
compute: 1.107632 seconds
evaluations: 528611320
time: 3.797514 seconds
