bounding: [-39;77]x[-159;148]x[0;5950]
read 31478 observations
res: 1 1 7 bw: 2 2 21
voxsize: 117x308x851 size:116.983932MB
voxBW: 2 3
Initialization time: 0.025266
decomposition time: 0.001089 seconds
max load: 3996 avgloadperbox: 491.84375 avgloadpercore: 31478 total load: 31478
compute: 0.009062 seconds
evaluations: 3021480
time: 0.035553 seconds
