bounding: [-39;77]x[-159;148]x[0;5950]
read 31478 observations
res: 1 1 7 bw: 2 2 21
voxsize: 117x308x851 size:116.983932MB
voxBW: 2 3
Initialization time: 0.025870
adding 34.631428,36.326969,3506 to 19;48 32.875;71.25 0;5950
intersect: 37601
decomposition time: 0.002251 seconds
max load: 7789 avgloadperbox: 983.6875 avgloadpercore: 31478
compute: 0.010964 seconds
evaluations: 3021408
time: 0.039229 seconds
