hostname : sth-c9.uncc.edu
bounding: [-39;77]x[-159;148]x[0;5950]
read 31478 observations
res: 1 1 7 bw: 2 2 21
voxsize: 117x308x851 size:116.983932MB
voxBW: 2 3
Initialization time: 0.055384
intersect: 36086
decomposition time: 0.007355 seconds
max load: 2365 avgloadperbox: 245.921875 avgloadpercore: 31478
compute: 0.027563 seconds
evaluations: 3020896
time: 0.090675 seconds
