bounding: [-39;77]x[-159;148]x[0;5950]
read 31478 observations
res: 0.2 0.2 1 bw: 2 2 21
voxsize: 581x1536x5951 size:20258.9707MB
voxBW: 10 21
Initialization time: 2.690655
decomposition time: 0.001206 seconds
0,0,0 : 31478
max load: 31478 avgloadperbox: 31478 avgloadpercore: 15739 total load: 31478
mem: 27
compute: 2.129312 seconds
evaluations: 0
time: 4.821418 seconds
