hostname : sth-c4.uncc.edu
bounding: [-39;77]x[-159;148]x[0;5950]
read 31478 observations
res: 1 1 7 bw: 1 1 7
voxsize: 117x308x851 size:116.983932MB
voxBW: 1 1
Initialization time: 0.028935
intersect: 34995
decomposition time: 0.006105 seconds
max load: 7768 avgloadperbox: 983.6875 avgloadpercore: 3934.75
compute: 0.002265 seconds
evaluations: 251768
time: 0.037672 seconds
