hostname : sth-c25.uncc.edu
bounding: [-39;77]x[-159;148]x[0;5950]
read 31478 observations
res: 0.2 0.2 1 bw: 2 2 21
voxsize: 581x1536x5951 size:20258.9707MB
voxBW: 10 21
Initialization time: 4.481201
intersect: 36603
decomposition time: 0.001832 seconds
max load: 12083 avgloadperbox: 3934.75 avgloadpercore: 31478
compute: 1.959523 seconds
evaluations: 528530680
time: 6.442679 seconds
