hostname : sth-c16.uncc.edu
bounding: [-39;77]x[-159;148]x[0;5950]
read 31478 observations
res: 0.5 0.5 3 bw: 2 2 21
voxsize: 233x615x1985 size:1085.05468MB
voxBW: 4 7
Initialization time: 0.105558
intersect: 31663
decomposition time: 0.001319 seconds
max load: 17241 avgloadperbox: 3934.75 avgloadpercore: 7869.5
compute: 0.037113 seconds
evaluations: 38233863
time: 0.144174 seconds
