hostname : sth-c4.uncc.edu
bounding: [-39;77]x[-159;148]x[0;5950]
read 31478 observations
res: 1 1 7 bw: 1 1 7
voxsize: 117x308x851 size:116.983932MB
voxBW: 1 1
Initialization time: 0.036406
intersect: 32142
decomposition time: 0.004469 seconds
max load: 5522 avgloadperbox: 1967.375 avgloadpercore: 15739
compute: 0.003562 seconds
evaluations: 251636
time: 0.044767 seconds
