hostname : sth-c9.uncc.edu
bounding: [-39;77]x[-159;148]x[0;5950]
read 31478 observations
res: 1 1 7 bw: 2 2 21
voxsize: 117x308x851 size:116.983932MB
voxBW: 2 3
Initialization time: 0.035941
intersect: 34474
decomposition time: 0.004956 seconds
max load: 10830 avgloadperbox: 3934.75 avgloadpercore: 15739
compute: 0.014128 seconds
evaluations: 3021408
time: 0.055382 seconds
