hostname : sth-c25.uncc.edu
bounding: [-39;77]x[-159;148]x[0;5950]
read 31478 observations
res: 0.5 0.5 3 bw: 2 2 21
voxsize: 233x615x1985 size:1085.05468MB
voxBW: 4 7
Initialization time: 0.105038
intersect: 37601
decomposition time: 0.002255 seconds
max load: 7789 avgloadperbox: 983.6875 avgloadpercore: 1967.375
compute: 0.013350 seconds
evaluations: 28160272
time: 0.120815 seconds
