bounding: [-39;77]x[-159;148]x[0;5950]
read 31478 observations
res: 0.5 0.5 3 bw: 2 2 21
decomposition should allow blocks larger than bandwidth. Adjusting decomposition to 57x64x64
voxsize: 233x615x1985 size:1085.05468MB
voxBW: 4 7
Initialization time: 0.101556
decomposition time: 0.006938 seconds
max load: 825 avgloadperbox: 0.134825589 avgloadpercore: 3934.75 total load: 31478
mem: 257004
compute: 1.188970 seconds
evaluations: 0
time: 1.301788 seconds
