bounding: [-39;77]x[-159;148]x[0;5950]
read 31478 observations
res: 1 1 7 bw: 1 1 7
voxsize: 117x308x851 size:116.983932MB
voxBW: 1 1
Initialization time: 0.024955
adding 34.631428,36.326969,3506 to 19;48 -5.5;71.25 0;5950
intersect: 34686
decomposition time: 0.001784 seconds
max load: 7772 avgloadperbox: 1967.375 avgloadpercore: 31478
compute: 0.002243 seconds
evaluations: 251812
time: 0.029114 seconds
