bounding: [-39;77]x[-159;148]x[0;5950]
read 31478 observations
res: 0.2 0.2 1 bw: 2 2 21
voxsize: 581x1536x5951 size:20258.9707MB
voxBW: 10 21
Initialization time: 1.959833
adding 34.631428,36.326969,3506 to -39;77 -5.5;71.25 2975;4462.5
intersect: 32445
decomposition time: 0.001798 seconds
max load: 5599 avgloadperbox: 1967.375 avgloadpercore: 7869.5
compute: 0.432598 seconds
evaluations: 528611320
time: 2.394356 seconds
