hostname : sth-c15.uncc.edu
bounding: [-39;77]x[-159;148]x[0;5950]
read 31478 observations
res: 0.5 0.5 3 bw: 2 2 21
voxsize: 233x615x1985 size:1085.05468MB
voxBW: 4 7
Initialization time: 0.103482
intersect: 272451
decomposition time: 0.081227 seconds
max load: 1182 avgloadperbox: 0.120079041 avgloadpercore: 3934.75
compute: 0.035440 seconds
evaluations: 27613708
time: 0.223888 seconds
