hostname : sth-c18.uncc.edu
bounding: [-39;77]x[-159;148]x[0;5950]
read 31478 observations
res: 0.2 0.2 1 bw: 2 2 21
voxsize: 581x1536x5951 size:20258.9707MB
voxBW: 10 21
Initialization time: 1.925833
intersect: 41268
decomposition time: 0.003901 seconds
max load: 2365 avgloadperbox: 61.4804688 avgloadpercore: 1967.375
compute: 0.267081 seconds
evaluations: 599445358
time: 2.196981 seconds
