bounding: [-39;77]x[-159;148]x[0;5950]
read 31478 observations
res: 1 1 7 bw: 2 2 21
voxsize: 117x308x851 size:116.983932MB
voxBW: 2 3
Initialization time: 0.025310
adding 34.631428,36.326969,3506 to -39;77 -5.5;71.25 2975;4462.5
intersect: 32445
decomposition time: 0.001698 seconds
max load: 5599 avgloadperbox: 1967.375 avgloadpercore: 31478
compute: 0.009191 seconds
evaluations: 3021408
time: 0.036326 seconds
