bounding: [-39;77]x[-159;148]x[0;5950]
read 31478 observations
res: 1 1 7 bw: 2 2 21
voxsize: 117x308x851 size:116.983932MB
voxBW: 2 3
Initialization time: 0.025711
decomposition time: 0.002791 seconds
max load: 1230 avgloadperbox: 0.960632324 avgloadpercore: 31478 total load: 31478
mem: 39304
compute: 0.023379 seconds
evaluations: 0
time: 0.052499 seconds
