bounding: [-39;77]x[-159;148]x[0;5950]
read 31478 observations
res: 1 1 7 bw: 2 2 21
decomposition should allow blocks larger than bandwidth. Adjusting decomposition to 28x32x32
voxsize: 117x308x851 size:116.983932MB
voxBW: 2 3
decomposition time: 0.002412 seconds
max load: 1001 avgloadperbox: 1.09786551 avgloadpercore: 7869.5 total load: 31478
Initialization time: 0.013132
mem: 34680
compute: 0.003454 seconds
evaluations: 0
time: 0.044773 seconds
