bounding: [-39;77]x[-159;148]x[0;5950]
read 31478 observations
res: 0.2 0.2 1 bw: 2 2 21
voxsize: 581x1536x5951 size:20258.9707MB
voxBW: 10 21
Initialization time: 1.892938
decomposition time: 0.001261 seconds
max load: 3996 avgloadperbox: 491.84375 avgloadpercore: 3934.75 total load: 31478
compute: 1.171327 seconds
evaluations: 528611320
time: 3.065684 seconds
