hostname : sth-c4.uncc.edu
bounding: [-39;77]x[-159;148]x[0;5950]
read 31478 observations
res: 1 1 7 bw: 1 1 7
voxsize: 117x308x851 size:116.983932MB
voxBW: 1 1
Initialization time: 0.056940
intersect: 31478
decomposition time: 0.002663 seconds
max load: 31478 avgloadperbox: 31478 avgloadpercore: 31478
compute: 0.006111 seconds
evaluations: 251812
time: 0.066041 seconds
