hostname : sth-c15.uncc.edu
bounding: [-39;77]x[-159;148]x[0;5950]
read 31478 observations
res: 0.5 0.5 3 bw: 2 2 21
voxsize: 233x615x1985 size:1085.05468MB
voxBW: 4 7
Initialization time: 0.241359
intersect: 35561
decomposition time: 0.001976 seconds
max load: 4024 avgloadperbox: 491.84375 avgloadpercore: 31478
compute: 0.063092 seconds
evaluations: 38650488
time: 0.306583 seconds
