bounding: [-39;77]x[-159;148]x[0;5950]
read 31478 observations
res: 0.5 0.5 3 bw: 1 1 7
voxsize: 233x615x1985 size:1085.05468MB
voxBW: 2 3
Initialization time: 0.105766
adding 34.631428,36.326969,3506 to 19;48 32.875;71.25 0;5950
intersect: 34995
decomposition time: 0.002220 seconds
max load: 7768 avgloadperbox: 983.6875 avgloadpercore: 7869.5
compute: 0.005166 seconds
evaluations: 3021792
time: 0.113255 seconds
