hostname : sth-c9.uncc.edu
bounding: [-39;77]x[-159;148]x[0;5950]
read 31478 observations
res: 1 1 7 bw: 2 2 21
voxsize: 117x308x851 size:116.983932MB
voxBW: 2 3
Initialization time: 0.056321
intersect: 35697
decomposition time: 0.005803 seconds
max load: 5473 avgloadperbox: 983.6875 avgloadpercore: 31478
compute: 0.027473 seconds
evaluations: 3020968
time: 0.089969 seconds
