hostname : sth-c7.uncc.edu
bounding: [-39;77]x[-159;148]x[0;5950]
read 31478 observations
res: 1 1 7 bw: 1 1 7
voxsize: 117x308x851 size:116.983932MB
voxBW: 1 1
Initialization time: 0.012130
intersect: 34979
decomposition time: 0.002132 seconds
max load: 4006 avgloadperbox: 491.84375 avgloadpercore: 7869.5
compute: 0.001542 seconds
evaluations: 875556
time: 0.015925 seconds
