hostname : sth-c16.uncc.edu
bounding: [-39;77]x[-159;148]x[0;5950]
read 31478 observations
res: 0.2 0.2 1 bw: 1 1 7
voxsize: 581x1536x5951 size:20258.9707MB
voxBW: 5 7
Initialization time: 1.927959
intersect: 116391
decomposition time: 0.021638 seconds
max load: 932 avgloadperbox: 0.120079041 avgloadpercore: 1967.375
compute: 0.058553 seconds
evaluations: 57085877
time: 2.011170 seconds
