hostname : sth-c9.uncc.edu
bounding: [-39;77]x[-159;148]x[0;5950]
read 31478 observations
res: 1 1 7 bw: 2 2 21
voxsize: 117x308x851 size:116.983932MB
voxBW: 2 3
Initialization time: 0.035966
intersect: 35172
decomposition time: 0.004624 seconds
max load: 8801 avgloadperbox: 1967.375 avgloadpercore: 15739
compute: 0.014862 seconds
evaluations: 3021480
time: 0.055836 seconds
