hostname : sth-c25.uncc.edu
bounding: [-39;77]x[-159;148]x[0;5950]
read 31478 observations
res: 0.5 0.5 3 bw: 2 2 21
voxsize: 233x615x1985 size:1085.05468MB
voxBW: 4 7
decomposition time: 0.001608 seconds
max load: 1901 avgloadperbox: 7.68505859 avgloadpercore: 15739 total load: 31478
Initialization time: 0.144689
mem: 5832
compute: 0.025821 seconds
evaluations: 0
time: 0.176979 seconds
