hostname : sth-c17.uncc.edu
bounding: [-39;77]x[-159;148]x[0;5950]
read 31478 observations
res: 0.2 0.2 1 bw: 1 1 7
voxsize: 581x1536x5951 size:20258.9707MB
voxBW: 5 7
Initialization time: 4.492401
intersect: 31478
decomposition time: 0.000993 seconds
max load: 31478 avgloadperbox: 31478 avgloadpercore: 31478
compute: 0.108535 seconds
evaluations: 57123594
time: 4.602093 seconds
