bounding: [-39;77]x[-159;148]x[0;5950]
read 31478 observations
res: 0.2 0.2 1 bw: 2 2 21
voxsize: 581x1536x5951 size:20258.9707MB
voxBW: 10 21
Initialization time: 2.660995
decomposition time: 0.001392 seconds
max load: 2352 avgloadperbox: 61.4804688 avgloadpercore: 15739 total load: 31478
compute: 1.168080 seconds
evaluations: 528611320
time: 3.830635 seconds
