hostname : sth-c4.uncc.edu
bounding: [-39;77]x[-159;148]x[0;5950]
read 31478 observations
res: 0.2 0.2 1 bw: 1 1 7
voxsize: 581x1536x5951 size:20258.9707MB
voxBW: 5 7
Initialization time: 2.132463
intersect: 32142
decomposition time: 0.001682 seconds
max load: 5522 avgloadperbox: 1967.375 avgloadpercore: 3934.75
compute: 0.024956 seconds
evaluations: 44064960
time: 2.159236 seconds
