hostname : sth-c15.uncc.edu
bounding: [-39;77]x[-159;148]x[0;5950]
read 31478 observations
res: 0.5 0.5 3 bw: 2 2 21
voxsize: 233x615x1985 size:1085.05468MB
voxBW: 4 7
Initialization time: 0.101917
intersect: 272466
decomposition time: 0.033973 seconds
max load: 1182 avgloadperbox: 0.120079041 avgloadpercore: 3934.75
compute: 0.049226 seconds
evaluations: 37613655
time: 0.188825 seconds
