hostname : sth-c9.uncc.edu
bounding: [-39;77]x[-159;148]x[0;5950]
read 31478 observations
res: 0.5 0.5 3 bw: 1 1 7
voxsize: 233x615x1985 size:1085.05468MB
voxBW: 2 3
Initialization time: 0.254001
intersect: 36207
decomposition time: 0.007141 seconds
max load: 3959 avgloadperbox: 245.921875 avgloadpercore: 3934.75
compute: 0.005958 seconds
evaluations: 3021088
time: 0.267385 seconds
