bounding: [-39;77]x[-159;148]x[0;5950]
read 31478 observations
res: 1 1 7 bw: 2 2 21
voxsize: 117x308x851 size:116.983932MB
voxBW: 2 3
Initialization time: 0.011412
adding 34.631428,36.326969,3506 to 19;48 -5.5;71.25 0;5950
intersect: 34980
decomposition time: 0.001912 seconds
max load: 7803 avgloadperbox: 1967.375 avgloadpercore: 3934.75
compute: 0.002920 seconds
evaluations: 3021408
time: 0.016371 seconds
