bounding: [-39;77]x[-159;148]x[0;5950]
read 31478 observations
res: 0.5 0.5 3 bw: 2 2 21
voxsize: 233x615x1985 size:1085.05468MB
voxBW: 4 7
Initialization time: 0.238749
decomposition time: 0.001198 seconds
1,1,1 : 17177
max load: 17177 avgloadperbox: 3934.75 avgloadpercore: 31478 total load: 31478
mem: 64
compute: 0.049084 seconds
evaluations: 0
time: 0.289153 seconds
