hostname : sth-c4.uncc.edu
bounding: [-39;77]x[-159;148]x[0;5950]
read 31478 observations
res: 1 1 7 bw: 1 1 7
voxsize: 117x308x851 size:116.983932MB
voxBW: 1 1
Initialization time: 0.029101
intersect: 34971
decomposition time: 0.005657 seconds
max load: 4006 avgloadperbox: 491.84375 avgloadpercore: 3934.75
compute: 0.001694 seconds
evaluations: 251636
time: 0.036702 seconds
