hostname : sth-c14.uncc.edu
bounding: [-39;77]x[-159;148]x[0;5950]
read 31478 observations
res: 1 1 7 bw: 2 2 21
voxsize: 117x308x851 size:116.983932MB
voxBW: 2 3
Initialization time: 0.014952
intersect: 31663
decomposition time: 0.001322 seconds
max load: 17241 avgloadperbox: 3934.75 avgloadpercore: 15739
compute: 0.009147 seconds
evaluations: 5511705
time: 0.025585 seconds
