hostname : sth-c25.uncc.edu
bounding: [-39;77]x[-159;148]x[0;5950]
read 31478 observations
res: 0.2 0.2 1 bw: 2 2 21
voxsize: 581x1536x5951 size:20258.9707MB
voxBW: 10 21
Initialization time: 2.683941
intersect: 40484
decomposition time: 0.003190 seconds
max load: 3949 avgloadperbox: 122.960938 avgloadpercore: 15739
compute: 1.057368 seconds
evaluations: 528530680
time: 3.744689 seconds
