hostname : sth-c25.uncc.edu
bounding: [-39;77]x[-159;148]x[0;5950]
read 31478 observations
res: 0.2 0.2 1 bw: 2 2 21
voxsize: 581x1536x5951 size:20258.9707MB
voxBW: 10 21
Initialization time: 4.486956
intersect: 37601
decomposition time: 0.002171 seconds
max load: 7789 avgloadperbox: 983.6875 avgloadpercore: 31478
compute: 1.961094 seconds
evaluations: 528611320
time: 6.450346 seconds
