bounding: [-39;77]x[-159;148]x[0;5950]
read 31478 observations
res: 0.2 0.2 1 bw: 1 1 7
voxsize: 581x1536x5951 size:2.026e+04MB
voxBW: 5 7
Initialization time: 5.164086
compute: 0.542930 seconds
reduce: 4.825095 seconds
evaluations: 44064960
time: 10.722069 seconds
