hostname : sth-c16.uncc.edu
bounding: [-39;77]x[-159;148]x[0;5950]
read 31478 observations
res: 0.5 0.5 3 bw: 2 2 21
voxsize: 233x615x1985 size:1085.05468MB
voxBW: 4 7
decomposition time: 0.001560 seconds
max load: 1901 avgloadperbox: 7.68505859 avgloadpercore: 7869.5 total load: 31478
Initialization time: 0.106700
mem: 5832
compute: 0.016365 seconds
evaluations: 0
time: 0.124809 seconds
