hostname : sth-c25.uncc.edu
bounding: [-39;77]x[-159;148]x[0;5950]
read 31478 observations
res: 0.2 0.2 1 bw: 2 2 21
voxsize: 581x1536x5951 size:20258.9707MB
voxBW: 10 21
Initialization time: 2.695148
intersect: 34980
decomposition time: 0.001653 seconds
max load: 7803 avgloadperbox: 1967.375 avgloadpercore: 15739
compute: 1.277836 seconds
evaluations: 528611320
time: 3.974764 seconds
