bounding: [-39;77]x[-159;148]x[0;5950]
read 31478 observations
res: 0.2 0.2 1 bw: 2 2 21
voxsize: 581x1536x5951 size:20258.9707MB
voxBW: 10 21
Initialization time: 2.677853
decomposition time: 0.001487 seconds
max load: 2352 avgloadperbox: 61.4804688 avgloadpercore: 15739 total load: 31478
mem: 1000
compute: 1.058249 seconds
evaluations: 0
time: 3.737777 seconds
