hostname : sth-c15.uncc.edu
bounding: [-39;77]x[-159;148]x[0;5950]
read 31478 observations
res: 0.5 0.5 3 bw: 2 2 21
voxsize: 233x615x1985 size:1085.05468MB
voxBW: 4 7
Initialization time: 0.103060
intersect: 55868
decomposition time: 0.005030 seconds
max load: 1921 avgloadperbox: 7.68505859 avgloadpercore: 3934.75
compute: 0.011063 seconds
evaluations: 38864880
time: 0.119392 seconds
