hostname : sth-c4.uncc.edu
bounding: [-39;77]x[-159;148]x[0;5950]
read 31478 observations
res: 1 1 7 bw: 1 1 7
voxsize: 117x308x851 size:116.983932MB
voxBW: 1 1
Initialization time: 0.036378
intersect: 35918
decomposition time: 0.005856 seconds
max load: 7772 avgloadperbox: 983.6875 avgloadpercore: 15739
compute: 0.004010 seconds
evaluations: 251676
time: 0.046569 seconds
