hostname : sth-c4.uncc.edu
bounding: [-39;77]x[-159;148]x[0;5950]
read 31478 observations
res: 1 1 7 bw: 1 1 7
voxsize: 117x308x851 size:116.983932MB
voxBW: 1 1
Initialization time: 0.028558
intersect: 35339
decomposition time: 0.007251 seconds
max load: 3921 avgloadperbox: 245.921875 avgloadpercore: 1967.375
compute: 0.001716 seconds
evaluations: 251592
time: 0.037789 seconds
