hostname : sth-c25.uncc.edu
bounding: [-39;77]x[-159;148]x[0;5950]
read 31478 observations
res: 0.5 0.5 3 bw: 2 2 21
voxsize: 233x615x1985 size:1085.05468MB
voxBW: 4 7
Initialization time: 0.240540
intersect: 32965
decomposition time: 0.001954 seconds
max load: 3746 avgloadperbox: 983.6875 avgloadpercore: 31478
compute: 0.049407 seconds
evaluations: 28194880
time: 0.292042 seconds
