hostname : sth-c11.uncc.edu
bounding: [-39;77]x[-159;148]x[0;5950]
read 31478 observations
res: 1 1 7 bw: 1 1 7
voxsize: 117x308x851 size:116.983932MB
voxBW: 1 1
Initialization time: 0.025611
intersect: 75789
decomposition time: 0.019544 seconds
max load: 1266 avgloadperbox: 0.960632324 avgloadpercore: 31478
compute: 0.006307 seconds
evaluations: 233516
time: 0.051908 seconds
