hostname : sth-c14.uncc.edu
bounding: [-39;77]x[-159;148]x[0;5950]
read 31478 observations
res: 1 1 7 bw: 2 2 21
voxsize: 117x308x851 size:116.983932MB
voxBW: 2 3
Initialization time: 0.012365
intersect: 135863
decomposition time: 0.027962 seconds
max load: 1383 avgloadperbox: 0.960632324 avgloadpercore: 1967.375
compute: 0.004782 seconds
evaluations: 5470050
time: 0.046062 seconds
