bounding: [-39;77]x[-159;148]x[0;5950]
read 31478 observations
res: 1 1 7 bw: 1 1 7
voxsize: 117x308x851 size:116.983932MB
voxBW: 1 1
Initialization time: 0.025707
adding 34.631428,36.326969,3506 to 33.5;48 -159;148 2975;4462.5
intersect: 35817
decomposition time: 0.002184 seconds
max load: 6331 avgloadperbox: 983.6875 avgloadpercore: 31478
compute: 0.002449 seconds
evaluations: 251500
time: 0.030468 seconds
