hostname : sth-c18.uncc.edu
bounding: [-39;77]x[-159;148]x[0;5950]
read 31478 observations
res: 0.2 0.2 1 bw: 1 1 7
voxsize: 581x1536x5951 size:20258.9707MB
voxBW: 5 7
Initialization time: 2.682611
intersect: 75789
decomposition time: 0.019701 seconds
max load: 1266 avgloadperbox: 0.960632324 avgloadpercore: 15739
compute: 0.082966 seconds
evaluations: 43991600
time: 2.786082 seconds
