bounding: [-39;77]x[-159;148]x[0;5950]
read 31478 observations
res: 0.2 0.2 1 bw: 1 1 7
voxsize: 581x1536x5951 size:20258.9707MB
voxBW: 5 7
Initialization time: 1.870142
decomposition time: 0.002978 seconds
max load: 1230 avgloadperbox: 0.960632324 avgloadpercore: 3934.75 total load: 31478
compute: 0.039012 seconds
evaluations: 44064960
time: 1.912820 seconds
