bounding: [-39;77]x[-159;148]x[0;5950]
read 31478 observations
res: 1 1 7 bw: 1 1 7
voxsize: 117x308x851 size:116.983932MB
voxBW: 1 1
Initialization time: 0.015560
adding 34.631428,36.326969,3506 to 19;48 -159;148 2975;4462.5
intersect: 34592
decomposition time: 0.001820 seconds
max load: 8586 avgloadperbox: 1967.375 avgloadpercore: 15739
compute: 0.001359 seconds
evaluations: 251636
time: 0.018907 seconds
