hostname : sth-c9.uncc.edu
bounding: [-39;77]x[-159;148]x[0;5950]
read 31478 observations
res: 1 1 7 bw: 2 2 21
voxsize: 117x308x851 size:116.983932MB
voxBW: 2 3
Initialization time: 0.035868
intersect: 34980
decomposition time: 0.004639 seconds
max load: 7803 avgloadperbox: 1967.375 avgloadpercore: 15739
compute: 0.016879 seconds
evaluations: 3021408
time: 0.057695 seconds
