hostname : sth-c25.uncc.edu
bounding: [-39;77]x[-159;148]x[0;5950]
read 31478 observations
res: 0.2 0.2 1 bw: 2 2 21
voxsize: 581x1536x5951 size:20258.9707MB
voxBW: 10 21
Initialization time: 1.904134
intersect: 35172
decomposition time: 0.001738 seconds
max load: 8801 avgloadperbox: 1967.375 avgloadpercore: 3934.75
compute: 0.501470 seconds
evaluations: 528611320
time: 2.407476 seconds
