hostname : sth-c4.uncc.edu
bounding: [-39;77]x[-159;148]x[0;5950]
read 31478 observations
res: 1 1 7 bw: 1 1 7
voxsize: 117x308x851 size:116.983932MB
voxBW: 1 1
Initialization time: 0.035822
intersect: 36227
decomposition time: 0.007405 seconds
max load: 7768 avgloadperbox: 491.84375 avgloadpercore: 15739
compute: 0.003979 seconds
evaluations: 251632
time: 0.047588 seconds
