hostname : sth-c9.uncc.edu
bounding: [-39;77]x[-159;148]x[0;5950]
read 31478 observations
res: 1 1 7 bw: 2 2 21
voxsize: 117x308x851 size:116.983932MB
voxBW: 2 3
Initialization time: 0.036624
intersect: 31478
decomposition time: 0.002656 seconds
max load: 31478 avgloadperbox: 31478 avgloadpercore: 15739
compute: 0.026679 seconds
evaluations: 3021480
time: 0.066322 seconds
