bounding: [-39;77]x[-159;148]x[0;5950]
read 31478 observations
res: 0.5 0.5 3 bw: 2 2 21
voxsize: 233x615x1985 size:1085.05468MB
voxBW: 4 7
Initialization time: 0.143910
adding 34.631428,36.326969,3506 to 19;48 -5.5;71.25 0;5950
intersect: 34980
decomposition time: 0.001773 seconds
max load: 7803 avgloadperbox: 1967.375 avgloadpercore: 15739
compute: 0.041072 seconds
evaluations: 28194880
time: 0.186849 seconds
