hostname : sth-c16.uncc.edu
bounding: [-39;77]x[-159;148]x[0;5950]
read 31478 observations
res: 0.5 0.5 3 bw: 2 2 21
voxsize: 233x615x1985 size:1085MB
voxBW: 4 7
Initialization time: 0.331174
compute: 0.005858 seconds
reduce: 0.322741 seconds
evaluations: 38229948
time: 0.679915 seconds
