hostname : sth-c4.uncc.edu
bounding: [-39;77]x[-159;148]x[0;5950]
read 31478 observations
res: 1 1 7 bw: 1 1 7
voxsize: 117x308x851 size:116.983932MB
voxBW: 1 1
Initialization time: 0.028923
intersect: 34307
decomposition time: 0.004315 seconds
max load: 18096 avgloadperbox: 7869.5 avgloadpercore: 3934.75
compute: 0.003923 seconds
evaluations: 251812
time: 0.037523 seconds
