hostname : sth-c25.uncc.edu
bounding: [-39;77]x[-159;148]x[0;5950]
read 31478 observations
res: 0.2 0.2 1 bw: 2 2 21
voxsize: 581x1536x5951 size:20258.9707MB
voxBW: 10 21
Initialization time: 1.981452
intersect: 37661
decomposition time: 0.002517 seconds
max load: 3975 avgloadperbox: 245.921875 avgloadpercore: 7869.5
compute: 0.582723 seconds
evaluations: 528530680
time: 2.566828 seconds
