hostname : sth-c4.uncc.edu
bounding: [-39;77]x[-159;148]x[0;5950]
read 31478 observations
res: 1 1 7 bw: 1 1 7
voxsize: 117x308x851 size:116.983932MB
voxBW: 1 1
Initialization time: 0.036804
intersect: 35528
decomposition time: 0.005188 seconds
max load: 11799 avgloadperbox: 3934.75 avgloadpercore: 15739
compute: 0.004324 seconds
evaluations: 251676
time: 0.046688 seconds
