hostname : sth-c25.uncc.edu
bounding: [-39;77]x[-159;148]x[0;5950]
read 31478 observations
res: 0.5 0.5 3 bw: 2 2 21
voxsize: 233x615x1985 size:1085.05468MB
voxBW: 4 7
Initialization time: 0.105662
intersect: 38359
decomposition time: 0.003088 seconds
max load: 2365 avgloadperbox: 122.960938 avgloadpercore: 7869.5
compute: 0.013451 seconds
evaluations: 28194880
time: 0.122343 seconds
