bounding: [-39;77]x[-159;148]x[0;5950]
read 31478 observations
res: 0.5 0.5 3 bw: 2 2 21
voxsize: 233x615x1985 size:1085.05468MB
voxBW: 4 7
Initialization time: 0.102950
decomposition time: 0.001201 seconds
max load: 3996 avgloadperbox: 491.84375 avgloadpercore: 3934.75 total load: 31478
compute: 0.030802 seconds
evaluations: 28194880
time: 0.135079 seconds
