hostname : sth-c9.uncc.edu
bounding: [-39;77]x[-159;148]x[0;5950]
read 31478 observations
res: 1 1 7 bw: 2 2 21
voxsize: 117x308x851 size:116.983932MB
voxBW: 2 3
Initialization time: 0.037256
intersect: 31864
decomposition time: 0.003647 seconds
max load: 10987 avgloadperbox: 7869.5 avgloadpercore: 15739
compute: 0.013723 seconds
evaluations: 3021408
time: 0.054909 seconds
