bounding: [-39;77]x[-159;148]x[0;5950]
read 31478 observations
res: 1 1 7 bw: 2 2 21
voxsize: 117x308x851 size:116.983932MB
voxBW: 2 3
Initialization time: 0.011338
decomposition time: 0.001637 seconds
max load: 1901 avgloadperbox: 7.68505859 avgloadpercore: 3934.75 total load: 31478
compute: 0.003131 seconds
evaluations: 3021480
time: 0.016305 seconds
