hostname : sth-c9.uncc.edu
bounding: [-39;77]x[-159;148]x[0;5950]
read 31478 observations
res: 1 1 7 bw: 2 2 21
voxsize: 117x308x851 size:116.983932MB
voxBW: 2 3
Initialization time: 0.029958
intersect: 40484
decomposition time: 0.009122 seconds
max load: 3949 avgloadperbox: 122.960938 avgloadpercore: 1967.375
compute: 0.005418 seconds
evaluations: 2985288
time: 0.044788 seconds
