hostname : sth-c4.uncc.edu
bounding: [-39;77]x[-159;148]x[0;5950]
read 31478 observations
res: 1 1 7 bw: 1 1 7
voxsize: 117x308x851 size:116.983932MB
voxBW: 1 1
Initialization time: 0.031525
intersect: 35961
decomposition time: 0.007325 seconds
max load: 3761 avgloadperbox: 491.84375 avgloadpercore: 7869.5
compute: 0.002110 seconds
evaluations: 251500
time: 0.041266 seconds
