bounding: [-39;77]x[-159;148]x[0;5950]
read 31478 observations
res: 1 1 7 bw: 1 1 7
voxsize: 117x308x851 size:116.983932MB
voxBW: 1 1
Initialization time: 0.011662
adding 34.631428,36.326969,3506 to 19;48 -159;148 2975;3718.75
intersect: 34733
decomposition time: 0.002226 seconds
max load: 5152 avgloadperbox: 983.6875 avgloadpercore: 3934.75
compute: 0.000996 seconds
evaluations: 251636
time: 0.015045 seconds
