hostname : sth-c4.uncc.edu
bounding: [-39;77]x[-159;148]x[0;5950]
read 31478 observations
res: 0.2 0.2 1 bw: 1 1 7
voxsize: 581x1536x5951 size:20258.9707MB
voxBW: 5 7
Initialization time: 2.152908
intersect: 35339
decomposition time: 0.002714 seconds
max load: 3921 avgloadperbox: 245.921875 avgloadpercore: 3934.75
compute: 0.029738 seconds
evaluations: 44064960
time: 2.185516 seconds
