bounding: [-39;77]x[-159;148]x[0;5950]
read 31478 observations
res: 1 1 7 bw: 1 1 7
voxsize: 117x308x851 size:116.983932MB
voxBW: 1 1
Initialization time: 0.011909
adding 34.631428,36.326969,3506 to -39;77 -5.5;71.25 0;5950
intersect: 31857
decomposition time: 0.001477 seconds
max load: 10987 avgloadperbox: 7869.5 avgloadpercore: 3934.75
compute: 0.001480 seconds
evaluations: 251812
time: 0.014976 seconds
