hostname : sth-c9.uncc.edu
bounding: [-39;77]x[-159;148]x[0;5950]
read 31478 observations
res: 0.5 0.5 3 bw: 1 1 7
voxsize: 233x615x1985 size:1085.05468MB
voxBW: 2 3
Initialization time: 0.251809
intersect: 32166
decomposition time: 0.004770 seconds
max load: 10828 avgloadperbox: 3934.75 avgloadpercore: 3934.75
compute: 0.010069 seconds
evaluations: 3021792
time: 0.266892 seconds
