bounding: [-39;77]x[-159;148]x[0;5950]
read 31478 observations
res: 1 1 7 bw: 1 1 7
voxsize: 117x308x851 size:116.983932MB
voxBW: 1 1
Initialization time: 0.024930
adding 34.631428,36.326969,3506 to -39;77 -5.5;71.25 2975;4462.5
intersect: 32142
decomposition time: 0.001672 seconds
max load: 5522 avgloadperbox: 1967.375 avgloadpercore: 31478
compute: 0.002247 seconds
evaluations: 251636
time: 0.028987 seconds
