bounding: [-39;77]x[-159;148]x[0;5950]
read 31478 observations
res: 0.2 0.2 1 bw: 2 2 21
voxsize: 581x1536x5951 size:20258.9707MB
voxBW: 10 21
Initialization time: 2.675343
adding 34.631428,36.326969,3506 to -39;77 -159;148 2975;4462.5
intersect: 32056
decomposition time: 0.001449 seconds
max load: 15779 avgloadperbox: 7869.5 avgloadpercore: 15739
compute: 1.030518 seconds
evaluations: 528611320
time: 3.707416 seconds
