bounding: [-39;77]x[-159;148]x[0;5950]
read 31478 observations
res: 1 1 7 bw: 1 1 7
voxsize: 117x308x851 size:116.983932MB
voxBW: 1 1
Initialization time: 0.012381
adding 34.631428,36.326969,3506 to 33.5;48 -159;148 2975;3718.75
intersect: 35961
decomposition time: 0.002721 seconds
max load: 3761 avgloadperbox: 491.84375 avgloadpercore: 1967.375
compute: 0.001488 seconds
evaluations: 251500
time: 0.016771 seconds
