bounding: [-39;77]x[-159;148]x[0;5950]
read 31478 observations
res: 1 1 7 bw: 2 2 21
voxsize: 117x308x851 size:116.983932MB
voxBW: 2 3
Initialization time: 0.025762
adding 34.631428,36.326969,3506 to 19;48 32.875;71.25 2975;3718.75
intersect: 38995
decomposition time: 0.003297 seconds
max load: 2365 avgloadperbox: 122.960938 avgloadpercore: 31478
compute: 0.011147 seconds
evaluations: 3020896
time: 0.040371 seconds
