bounding: [-39;77]x[-159;148]x[0;5950]
read 31478 observations
res: 0.2 0.2 1 bw: 1 1 7
voxsize: 581x1536x5951 size:20258.9707MB
voxBW: 5 7
Initialization time: 4.803841
adding 34.631428,36.326969,3506 to -39;77 32.875;71.25 0;5950
intersect: 32166
decomposition time: 0.001885 seconds
max load: 10828 avgloadperbox: 3934.75 avgloadpercore: 31478
compute: 0.112715 seconds
evaluations: 44064960
time: 4.918540 seconds
