hostname : sth-c4.uncc.edu
bounding: [-39;77]x[-159;148]x[0;5950]
read 31478 observations
res: 0.2 0.2 1 bw: 1 1 7
voxsize: 581x1536x5951 size:20258.9707MB
voxBW: 5 7
Initialization time: 5.417264
intersect: 32510
decomposition time: 0.002139 seconds
max load: 5497 avgloadperbox: 983.6875 avgloadpercore: 31478
compute: 0.088017 seconds
evaluations: 44064960
time: 5.507584 seconds
