bounding: [-39;77]x[-159;148]x[0;5950]
read 31478 observations
res: 0.5 0.5 3 bw: 2 2 21
voxsize: 233x615x1985 size:1085.05468MB
voxBW: 4 7
Initialization time: 0.105845
adding 34.631428,36.326969,3506 to 19;48 32.875;71.25 0;5950
intersect: 37601
decomposition time: 0.002290 seconds
max load: 7789 avgloadperbox: 983.6875 avgloadpercore: 7869.5
compute: 0.027593 seconds
evaluations: 28160272
time: 0.135999 seconds
