bounding: [-39;77]x[-159;148]x[0;5950]
read 31478 observations
res: 0.2 0.2 1 bw: 1 1 7
voxsize: 581x1536x5951 size:20258.9707MB
voxBW: 5 7
Initialization time: 4.458448
decomposition time: 0.001086 seconds
0,0,0 : 31478
max load: 31478 avgloadperbox: 31478 avgloadpercore: 31478 total load: 31478
mem: 27
compute: 0.087945 seconds
evaluations: 0
time: 4.547663 seconds
