bounding: [-39;77]x[-159;148]x[0;5950]
read 31478 observations
res: 0.5 0.5 3 bw: 1 1 7
voxsize: 233x615x1985 size:1085.05468MB
voxBW: 2 3
Initialization time: 0.143745
adding 34.631428,36.326969,3506 to -39;77 -159;148 0;5950
intersect: 31478
decomposition time: 0.001105 seconds
max load: 31478 avgloadperbox: 31478 avgloadpercore: 15739
compute: 0.009974 seconds
evaluations: 3021792
time: 0.154956 seconds
