hostname : sth-c4.uncc.edu
bounding: [-39;77]x[-159;148]x[0;5950]
read 31478 observations
res: 0.2 0.2 1 bw: 1 1 7
voxsize: 581x1536x5951 size:20258.9707MB
voxBW: 5 7
Initialization time: 1.962410
intersect: 32651
decomposition time: 0.002640 seconds
max load: 3570 avgloadperbox: 491.84375 avgloadpercore: 3934.75
compute: 0.021360 seconds
evaluations: 44064960
time: 1.986545 seconds
