hostname : sth-c9.uncc.edu
bounding: [-39;77]x[-159;148]x[0;5950]
read 31478 observations
res: 1 1 7 bw: 2 2 21
voxsize: 117x308x851 size:116.983932MB
voxBW: 2 3
Initialization time: 0.028755
intersect: 36603
decomposition time: 0.005172 seconds
max load: 12083 avgloadperbox: 3934.75 avgloadpercore: 1967.375
compute: 0.009511 seconds
evaluations: 2985360
time: 0.043888 seconds
