hostname : sth-c2.uncc.edu
bounding: [-39;77]x[-159;148]x[0;5950]
read 31478 observations
res: 0.2 0.2 1 bw: 2 2 21
voxsize: 581x1536x5951 size:20258.9707MB
voxBW: 10 21
Initialization time: 2.668611
intersect: 31663
decomposition time: 0.001480 seconds
max load: 17241 avgloadperbox: 3934.75 avgloadpercore: 15739
compute: 1.307406 seconds
evaluations: 528611320
time: 3.977691 seconds
