bounding: [-39;77]x[-159;148]x[0;5950]
read 31478 observations
res: 1 1 7 bw: 2 2 21
voxsize: 117x308x851 size:116.983932MB
voxBW: 2 3
Initialization time: 0.011750
adding 34.631428,36.326969,3506 to 19;48 -159;148 0;5950
intersect: 34594
decomposition time: 0.001568 seconds
max load: 18257 avgloadperbox: 7869.5 avgloadpercore: 7869.5
compute: 0.006146 seconds
evaluations: 3021480
time: 0.019620 seconds
