hostname : sth-c9.uncc.edu
bounding: [-39;77]x[-159;148]x[0;5950]
read 31478 observations
res: 0.5 0.5 3 bw: 1 1 7
voxsize: 233x615x1985 size:1085.05468MB
voxBW: 2 3
Initialization time: 0.284476
intersect: 35528
decomposition time: 0.005164 seconds
max load: 11799 avgloadperbox: 3934.75 avgloadpercore: 7869.5
compute: 0.010429 seconds
evaluations: 3021792
time: 0.300449 seconds
