hostname : sth-c13.uncc.edu
bounding: [-39;77]x[-159;148]x[0;5950]
read 31478 observations
res: 1 1 7 bw: 1 1 7
voxsize: 117x308x851 size:116.983932MB
voxBW: 1 1
Initialization time: 0.025129
intersect: 31546
decomposition time: 0.001328 seconds
max load: 17199 avgloadperbox: 3934.75 avgloadpercore: 31478
compute: 0.004412 seconds
evaluations: 850491
time: 0.031007 seconds
