bounding: [-39;77]x[-159;148]x[0;5950]
read 31478 observations
res: 1 1 7 bw: 1 1 7
voxsize: 117x308x851 size:116.983932MB
voxBW: 1 1
Initialization time: 0.012025
decomposition time: 0.002899 seconds
max load: 1230 avgloadperbox: 0.960632324 avgloadpercore: 7869.5 total load: 31478
compute: 0.004506 seconds
evaluations: 251812
time: 0.020020 seconds
