bounding: [-39;77]x[-159;148]x[0;5950]
read 31478 observations
res: 0.2 0.2 1 bw: 2 2 21
voxsize: 581x1536x5951 size:20258.9707MB
voxBW: 10 21
Initialization time: 1.974868
decomposition time: 0.001378 seconds
max load: 2352 avgloadperbox: 61.4804688 avgloadpercore: 7869.5 total load: 31478
compute: 0.747234 seconds
evaluations: 528611320
time: 2.723653 seconds
