hostname : sth-c17.uncc.edu
bounding: [-39;77]x[-159;148]x[0;5950]
read 31478 observations
res: 0.2 0.2 1 bw: 1 1 7
voxsize: 581x1536x5951 size:20258.9707MB
voxBW: 5 7
Initialization time: 1.963252
intersect: 31546
decomposition time: 0.001454 seconds
max load: 17199 avgloadperbox: 3934.75 avgloadpercore: 7869.5
compute: 0.064945 seconds
evaluations: 57131822
time: 2.029805 seconds
