bounding: [-39;77]x[-159;148]x[0;5950]
read 31478 observations
res: 0.2 0.2 1 bw: 1 1 7
voxsize: 581x1536x5951 size:20258.9707MB
voxBW: 5 7
Initialization time: 1.953778
decomposition time: 0.001549 seconds
max load: 2352 avgloadperbox: 61.4804688 avgloadpercore: 7869.5 total load: 31478
mem: 1000
compute: 0.034082 seconds
evaluations: 0
time: 1.989591 seconds
