bounding: [-39;77]x[-159;148]x[0;5950]
read 31478 observations
res: 0.2 0.2 1 bw: 1 1 7
voxsize: 581x1536x5951 size:20258.9707MB
voxBW: 5 7
Initialization time: 4.492804
decomposition time: 0.001227 seconds
1,1,1 : 17177
max load: 17177 avgloadperbox: 3934.75 avgloadpercore: 31478 total load: 31478
mem: 64
compute: 0.087955 seconds
evaluations: 0
time: 4.582189 seconds
