hostname : sth-c4.uncc.edu
bounding: [-39;77]x[-159;148]x[0;5950]
read 31478 observations
res: 1 1 7 bw: 1 1 7
voxsize: 117x308x851 size:116.983932MB
voxBW: 1 1
Initialization time: 0.028620
intersect: 36719
decomposition time: 0.010362 seconds
max load: 2361 avgloadperbox: 61.4804688 avgloadpercore: 3934.75
compute: 0.001558 seconds
evaluations: 251456
time: 0.040855 seconds
