bounding: [-39;77]x[-159;148]x[0;5950]
read 31478 observations
res: 1 1 7 bw: 2 2 21
voxsize: 117x308x851 size:116.983932MB
voxBW: 2 3
Initialization time: 0.011461
decomposition time: 0.001363 seconds
max load: 2352 avgloadperbox: 61.4804688 avgloadpercore: 3934.75 total load: 31478
compute: 0.003250 seconds
evaluations: 3021480
time: 0.016218 seconds
