hostname : sth-c7.uncc.edu
bounding: [-39;77]x[-159;148]x[0;5950]
read 31478 observations
res: 1 1 7 bw: 1 1 7
voxsize: 117x308x851 size:116.983932MB
voxBW: 1 1
Initialization time: 0.014800
intersect: 34971
decomposition time: 0.001974 seconds
max load: 4006 avgloadperbox: 491.84375 avgloadpercore: 15739
compute: 0.002707 seconds
evaluations: 875556
time: 0.019623 seconds
