bounding: [-39;77]x[-159;148]x[0;5950]
read 31478 observations
res: 1 1 7 bw: 2 2 21
voxsize: 117x308x851 size:116.983932MB
voxBW: 2 3
Initialization time: 0.025847
adding 34.631428,36.326969,3506 to 19;48 32.875;71.25 2975;4462.5
intersect: 38384
decomposition time: 0.002787 seconds
max load: 3949 avgloadperbox: 245.921875 avgloadpercore: 31478
compute: 0.009421 seconds
evaluations: 3021408
time: 0.038197 seconds
