hostname : sth-c13.uncc.edu
bounding: [-39;77]x[-159;148]x[0;5950]
read 31478 observations
res: 1 1 7 bw: 1 1 7
voxsize: 117x308x851 size:116.983932MB
voxBW: 1 1
Initialization time: 0.011814
intersect: 44066
decomposition time: 0.007304 seconds
max load: 1911 avgloadperbox: 7.68505859 avgloadpercore: 1967.375
compute: 0.001546 seconds
evaluations: 870453
time: 0.020894 seconds
