bounding: [-39;77]x[-159;148]x[0;5950]
read 31478 observations
res: 0.2 0.2 1 bw: 1 1 7
voxsize: 581x1536x5951 size:20258.9707MB
voxBW: 5 7
Initialization time: 4.491064
decomposition time: 0.008361 seconds
max load: 868 avgloadperbox: 0.120079041 avgloadpercore: 31478 total load: 31478
mem: 287496
compute: 0.251225 seconds
evaluations: 0
time: 4.754601 seconds
