hostname : sth-c9.uncc.edu
bounding: [-39;77]x[-159;148]x[0;5950]
read 31478 observations
res: 1 1 7 bw: 2 2 21
voxsize: 117x308x851 size:116.983932MB
voxBW: 2 3
Initialization time: 0.028943
intersect: 32056
decomposition time: 0.003337 seconds
max load: 15779 avgloadperbox: 7869.5 avgloadpercore: 3934.75
compute: 0.013928 seconds
evaluations: 3021480
time: 0.046602 seconds
