hostname : sth-c9.uncc.edu
bounding: [-39;77]x[-159;148]x[0;5950]
read 31478 observations
res: 0.2 0.2 1 bw: 1 1 7
voxsize: 581x1536x5951 size:20258.9707MB
voxBW: 5 7
decomposition time: 0.003014 seconds
max load: 3996 avgloadperbox: 491.84375 avgloadpercore: 7869.5 total load: 31478
Initialization time: 2.369057
mem: 216
compute: 0.054079 seconds
evaluations: 0
time: 2.426367 seconds
