hostname : sth-c9.uncc.edu
bounding: [-39;77]x[-159;148]x[0;5950]
read 31478 observations
res: 1 1 7 bw: 2 2 21
voxsize: 117x308x851 size:116.983932MB
voxBW: 2 3
Initialization time: 0.028977
intersect: 38995
decomposition time: 0.009231 seconds
max load: 2365 avgloadperbox: 122.960938 avgloadpercore: 3934.75
compute: 0.005036 seconds
evaluations: 3020896
time: 0.043681 seconds
