bounding: [-39;77]x[-159;148]x[0;5950]
read 31478 observations
res: 1 1 7 bw: 1 1 7
voxsize: 117x308x851 size:116.983932MB
voxBW: 1 1
Initialization time: 0.015119
decomposition time: 0.001316 seconds
max load: 2352 avgloadperbox: 61.4804688 avgloadpercore: 15739 total load: 31478
compute: 0.001421 seconds
evaluations: 251812
time: 0.017986 seconds
