hostname : sth-c7.uncc.edu
bounding: [-39;77]x[-159;148]x[0;5950]
read 31478 observations
res: 1 1 7 bw: 1 1 7
voxsize: 117x308x851 size:116.983932MB
voxBW: 1 1
Initialization time: 0.011628
intersect: 36727
decomposition time: 0.002828 seconds
max load: 2361 avgloadperbox: 61.4804688 avgloadpercore: 7869.5
compute: 0.001516 seconds
evaluations: 874506
time: 0.016119 seconds
