bounding: [-39;77]x[-159;148]x[0;5950]
read 31478 observations
res: 0.2 0.2 1 bw: 2 2 21
voxsize: 581x1536x5951 size:20258.9707MB
voxBW: 10 21
Initialization time: 4.450808
decomposition time: 0.001674 seconds
max load: 31478 avgloadperbox: 31478 avgloadpercore: 31478 total load: 31478
compute: 2.013916 seconds
evaluations: 528611320
time: 6.466596 seconds
