hostname : sth-c25.uncc.edu
bounding: [-39;77]x[-159;148]x[0;5950]
read 31478 observations
res: 0.2 0.2 1 bw: 2 2 21
voxsize: 581x1536x5951 size:20258.9707MB
voxBW: 10 21
Initialization time: 1.982462
intersect: 35697
decomposition time: 0.002041 seconds
max load: 5473 avgloadperbox: 983.6875 avgloadpercore: 7869.5
compute: 0.565156 seconds
evaluations: 528611320
time: 2.549797 seconds
