hostname : sth-c16.uncc.edu
bounding: [-39;77]x[-159;148]x[0;5950]
read 31478 observations
res: 0.2 0.2 1 bw: 1 1 7
voxsize: 581x1536x5951 size:20258.9707MB
voxBW: 5 7
Initialization time: 1.921384
intersect: 75789
decomposition time: 0.005758 seconds
max load: 1266 avgloadperbox: 0.960632324 avgloadpercore: 1967.375
compute: 0.025614 seconds
evaluations: 57139172
time: 1.953555 seconds
