hostname : sth-c15.uncc.edu
bounding: [-39;77]x[-159;148]x[0;5950]
read 31478 observations
res: 0.5 0.5 3 bw: 1 1 7
voxsize: 233x615x1985 size:1085.05468MB
voxBW: 2 3
Initialization time: 0.103180
intersect: 31478
decomposition time: 0.001009 seconds
max load: 31478 avgloadperbox: 31478 avgloadpercore: 1967.375
compute: 0.016235 seconds
evaluations: 5507840
time: 0.120570 seconds
