hostname : sth-c25.uncc.edu
bounding: [-39;77]x[-159;148]x[0;5950]
read 31478 observations
res: 0.2 0.2 1 bw: 2 2 21
voxsize: 581x1536x5951 size:20258.9707MB
voxBW: 10 21
Initialization time: 1.972349
intersect: 31478
decomposition time: 0.001012 seconds
max load: 31478 avgloadperbox: 31478 avgloadpercore: 3934.75
compute: 2.076591 seconds
evaluations: 528611320
time: 4.050126 seconds
