hostname : sth-c25.uncc.edu
bounding: [-39;77]x[-159;148]x[0;5950]
read 31478 observations
res: 0.5 0.5 3 bw: 2 2 21
voxsize: 233x615x1985 size:1085.05468MB
voxBW: 4 7
Initialization time: 0.102518
intersect: 38995
decomposition time: 0.003244 seconds
max load: 2365 avgloadperbox: 122.960938 avgloadpercore: 3934.75
compute: 0.009517 seconds
evaluations: 28160272
time: 0.115464 seconds
