hostname : sth-c9.uncc.edu
bounding: [-39;77]x[-159;148]x[0;5950]
read 31478 observations
res: 0.5 0.5 3 bw: 1 1 7
voxsize: 233x615x1985 size:1085.05468MB
voxBW: 2 3
Initialization time: 0.282621
intersect: 34592
decomposition time: 0.004792 seconds
max load: 8586 avgloadperbox: 1967.375 avgloadpercore: 7869.5
compute: 0.008283 seconds
evaluations: 3021088
time: 0.296071 seconds
