hostname : sth-c9.uncc.edu
bounding: [-39;77]x[-159;148]x[0;5950]
read 31478 observations
res: 0.5 0.5 3 bw: 1 1 7
voxsize: 233x615x1985 size:1085.05468MB
voxBW: 2 3
Initialization time: 0.283058
intersect: 31857
decomposition time: 0.003648 seconds
max load: 10987 avgloadperbox: 7869.5 avgloadpercore: 7869.5
compute: 0.010053 seconds
evaluations: 3021792
time: 0.296995 seconds
