hostname : sth-c9.uncc.edu
bounding: [-39;77]x[-159;148]x[0;5950]
read 31478 observations
res: 0.5 0.5 3 bw: 1 1 7
voxsize: 233x615x1985 size:1085.05468MB
voxBW: 2 3
Initialization time: 0.195574
intersect: 34307
decomposition time: 0.003706 seconds
max load: 18096 avgloadperbox: 7869.5 avgloadpercore: 1967.375
compute: 0.015160 seconds
evaluations: 3021792
time: 0.214707 seconds
