hostname : sth-c4.uncc.edu
bounding: [-39;77]x[-159;148]x[0;5950]
read 31478 observations
res: 1 1 7 bw: 1 1 7
voxsize: 117x308x851 size:116.983932MB
voxBW: 1 1
Initialization time: 0.035376
intersect: 36575
decomposition time: 0.008751 seconds
max load: 3921 avgloadperbox: 122.960938 avgloadpercore: 15739
compute: 0.003755 seconds
evaluations: 251456
time: 0.048214 seconds
