bounding: [-39;77]x[-159;148]x[0;5950]
read 31478 observations
res: 0.2 0.2 1 bw: 1 1 7
voxsize: 581x1536x5951 size:20258.9707MB
voxBW: 5 7
Initialization time: 1.898499
adding 34.631428,36.326969,3506 to 33.5;48 -5.5;71.25 0;5950
intersect: 35918
decomposition time: 0.002416 seconds
max load: 7772 avgloadperbox: 983.6875 avgloadpercore: 1967.375
compute: 0.034703 seconds
evaluations: 44064960
time: 1.935749 seconds
