bounding: [-39;77]x[-159;148]x[0;5950]
read 31478 observations
res: 1 1 7 bw: 2 2 21
voxsize: 117x308x851 size:116.983932MB
voxBW: 2 3
Initialization time: 0.026390
decomposition time: 0.001080 seconds
0,0,0 : 31478
max load: 31478 avgloadperbox: 31478 avgloadpercore: 31478 total load: 31478
mem: 27
compute: 0.009051 seconds
evaluations: 0
time: 0.036712 seconds
