hostname : sth-c25.uncc.edu
bounding: [-39;77]x[-159;148]x[0;5950]
read 31478 observations
res: 0.5 0.5 3 bw: 2 2 21
voxsize: 233x615x1985 size:1085.05468MB
voxBW: 4 7
Initialization time: 0.104289
intersect: 34980
decomposition time: 0.001707 seconds
max load: 7803 avgloadperbox: 1967.375 avgloadpercore: 1967.375
compute: 0.013377 seconds
evaluations: 28194880
time: 0.119536 seconds
