bounding: [-39;77]x[-159;148]x[0;5950]
read 31478 observations
res: 0.5 0.5 3 bw: 1 1 7
voxsize: 233x615x1985 size:1085.05468MB
voxBW: 2 3
Initialization time: 0.103127
adding 34.631428,36.326969,3506 to 33.5;48 -159;148 2975;4462.5
intersect: 35817
decomposition time: 0.002285 seconds
max load: 6331 avgloadperbox: 983.6875 avgloadpercore: 1967.375
compute: 0.003018 seconds
evaluations: 3021088
time: 0.108591 seconds
