hostname : sth-c4.uncc.edu
bounding: [-39;77]x[-159;148]x[0;5950]
read 31478 observations
res: 0.2 0.2 1 bw: 1 1 7
voxsize: 581x1536x5951 size:20258.9707MB
voxBW: 5 7
Initialization time: 2.300625
intersect: 35112
decomposition time: 0.002634 seconds
max load: 2361 avgloadperbox: 245.921875 avgloadpercore: 7869.5
compute: 0.041838 seconds
evaluations: 44064960
time: 2.345244 seconds
