hostname : sth-c14.uncc.edu
bounding: [-39;77]x[-159;148]x[0;5950]
read 31478 observations
res: 1 1 7 bw: 2 2 21
voxsize: 117x308x851 size:116.983932MB
voxBW: 2 3
Initialization time: 0.011393
intersect: 41268
decomposition time: 0.003888 seconds
max load: 2365 avgloadperbox: 61.4804688 avgloadpercore: 3934.75
compute: 0.003164 seconds
evaluations: 5551712
time: 0.018606 seconds
