hostname : sth-c4.uncc.edu
bounding: [-39;77]x[-159;148]x[0;5950]
read 31478 observations
res: 0.2 0.2 1 bw: 1 1 7
voxsize: 581x1536x5951 size:20258.9707MB
voxBW: 5 7
Initialization time: 3.641597
intersect: 34733
decomposition time: 0.002135 seconds
max load: 5152 avgloadperbox: 983.6875 avgloadpercore: 15739
compute: 0.068629 seconds
evaluations: 44064960
time: 3.712542 seconds
