bounding: [-39;77]x[-159;148]x[0;5950]
read 31478 observations
res: 1 1 7 bw: 1 1 7
voxsize: 117x308x851 size:116.983932MB
voxBW: 1 1
decomposition time: 0.000991 seconds
0,0,0 : 31478
max load: 31478 avgloadperbox: 31478 avgloadpercore: 7869.5 total load: 31478
Initialization time: 0.011680
mem: 27
compute: 0.002396 seconds
evaluations: 0
time: 0.016485 seconds
