hostname : sth-c4.uncc.edu
bounding: [-39;77]x[-159;148]x[0;5950]
read 31478 observations
res: 1 1 7 bw: 1 1 7
voxsize: 117x308x851 size:116.983932MB
voxBW: 1 1
Initialization time: 0.029829
intersect: 36351
decomposition time: 0.008756 seconds
max load: 2361 avgloadperbox: 122.960938 avgloadpercore: 3934.75
compute: 0.001554 seconds
evaluations: 251500
time: 0.040452 seconds
