hostname : sth-c25.uncc.edu
bounding: [-39;77]x[-159;148]x[0;5950]
read 31478 observations
res: 0.5 0.5 3 bw: 2 2 21
voxsize: 233x615x1985 size:1085.05468MB
voxBW: 4 7
Initialization time: 0.240565
intersect: 35257
decomposition time: 0.002039 seconds
max load: 5580 avgloadperbox: 983.6875 avgloadpercore: 31478
compute: 0.049269 seconds
evaluations: 28160272
time: 0.292020 seconds
