bounding: [-39;77]x[-159;148]x[0;5950]
read 31478 observations
res: 0.5 0.5 3 bw: 2 2 21
voxsize: 233x615x1985 size:1085.05468MB
voxBW: 4 7
Initialization time: 0.102440
decomposition time: 0.001400 seconds
max load: 2352 avgloadperbox: 61.4804688 avgloadpercore: 3934.75 total load: 31478
compute: 0.015591 seconds
evaluations: 28194880
time: 0.119580 seconds
