hostname : sth-c9.uncc.edu
bounding: [-39;77]x[-159;148]x[0;5950]
read 31478 observations
res: 0.5 0.5 3 bw: 1 1 7
voxsize: 233x615x1985 size:1085.05468MB
voxBW: 2 3
Initialization time: 0.252744
intersect: 34307
decomposition time: 0.003841 seconds
max load: 18096 avgloadperbox: 7869.5 avgloadpercore: 3934.75
compute: 0.015240 seconds
evaluations: 3021792
time: 0.272122 seconds
