hostname : sth-c9.uncc.edu
bounding: [-39;77]x[-159;148]x[0;5950]
read 31478 observations
res: 1 1 7 bw: 2 2 21
voxsize: 117x308x851 size:116.983932MB
voxBW: 2 3
Initialization time: 0.056642
intersect: 35172
decomposition time: 0.004658 seconds
max load: 8801 avgloadperbox: 1967.375 avgloadpercore: 31478
compute: 0.027219 seconds
evaluations: 3021480
time: 0.088882 seconds
