bounding: [-39;77]x[-159;148]x[0;5950]
read 31478 observations
res: 1 1 7 bw: 1 1 7
voxsize: 117x308x851 size:116.983932MB
voxBW: 1 1
Initialization time: 0.012083
adding 34.631428,36.326969,3506 to 19;48 32.875;71.25 0;5950
intersect: 34995
decomposition time: 0.002280 seconds
max load: 7768 avgloadperbox: 983.6875 avgloadpercore: 3934.75
compute: 0.001153 seconds
evaluations: 251768
time: 0.015667 seconds
