hostname : sth-c25.uncc.edu
bounding: [-39;77]x[-159;148]x[0;5950]
read 31478 observations
res: 0.2 0.2 1 bw: 2 2 21
voxsize: 581x1536x5951 size:20258.9707MB
voxBW: 10 21
Initialization time: 1.900647
intersect: 38384
decomposition time: 0.002704 seconds
max load: 3949 avgloadperbox: 245.921875 avgloadpercore: 3934.75
compute: 0.424272 seconds
evaluations: 528611320
time: 2.327774 seconds
