hostname : sth-c9.uncc.edu
bounding: [-39;77]x[-159;148]x[0;5950]
read 31478 observations
res: 0.5 0.5 3 bw: 1 1 7
voxsize: 233x615x1985 size:1085MB
voxBW: 2 3
Initialization time: 0.528432
compute: 0.028603 seconds
reduce: 0.557813 seconds
evaluations: 3021792
time: 1.115097 seconds
