hostname : sth-c4.uncc.edu
bounding: [-39;77]x[-159;148]x[0;5950]
read 31478 observations
res: 0.2 0.2 1 bw: 1 1 7
voxsize: 581x1536x5951 size:20258.9707MB
voxBW: 5 7
Initialization time: 2.001951
intersect: 34686
decomposition time: 0.001818 seconds
max load: 7772 avgloadperbox: 1967.375 avgloadpercore: 1967.375
compute: 0.036300 seconds
evaluations: 44064960
time: 2.040209 seconds
