hostname : sth-c4.uncc.edu
bounding: [-39;77]x[-159;148]x[0;5950]
read 31478 observations
res: 0.2 0.2 1 bw: 1 1 7
voxsize: 581x1536x5951 size:20258.9707MB
voxBW: 5 7
Initialization time: 5.573044
intersect: 35480
decomposition time: 0.003161 seconds
max load: 2361 avgloadperbox: 122.960938 avgloadpercore: 31478
compute: 0.087898 seconds
evaluations: 44064960
time: 5.664277 seconds
