hostname : sth-c25.uncc.edu
bounding: [-39;77]x[-159;148]x[0;5950]
read 31478 observations
res: 0.2 0.2 1 bw: 2 2 21
voxsize: 581x1536x5951 size:20258.9707MB
voxBW: 10 21
Initialization time: 1.921162
intersect: 39677
decomposition time: 0.002764 seconds
max load: 7789 avgloadperbox: 491.84375 avgloadpercore: 1967.375
compute: 0.511253 seconds
evaluations: 528530680
time: 2.435314 seconds
