bounding: [-39;77]x[-159;148]x[0;5950]
read 31478 observations
res: 0.2 0.2 1 bw: 1 1 7
voxsize: 581x1536x5951 size:20258.9707MB
voxBW: 5 7
Initialization time: 1.956325
adding 34.631428,36.326969,3506 to -39;77 -159;148 2975;3718.75
intersect: 31904
decomposition time: 0.001951 seconds
max load: 9425 avgloadperbox: 3934.75 avgloadpercore: 3934.75
compute: 0.035585 seconds
evaluations: 44064960
time: 1.993969 seconds
