hostname : sth-c4.uncc.edu
bounding: [-39;77]x[-159;148]x[0;5950]
read 31478 observations
res: 0.2 0.2 1 bw: 1 1 7
voxsize: 581x1536x5951 size:20258.9707MB
voxBW: 5 7
Initialization time: 1.953562
intersect: 31857
decomposition time: 0.001459 seconds
max load: 10987 avgloadperbox: 7869.5 avgloadpercore: 1967.375
compute: 0.053817 seconds
evaluations: 44064960
time: 2.008966 seconds
