bounding: [-39;77]x[-159;148]x[0;5950]
read 31478 observations
res: 0.2 0.2 1 bw: 1 1 7
voxsize: 581x1536x5951 size:20258.9707MB
voxBW: 5 7
Initialization time: 1.868462
decomposition time: 0.001168 seconds
max load: 31478 avgloadperbox: 31478 avgloadpercore: 3934.75 total load: 31478
compute: 0.120979 seconds
evaluations: 44064960
time: 1.990789 seconds
