bounding: [-39;77]x[-159;148]x[0;5950]
read 31478 observations
res: 0.5 0.5 3 bw: 2 2 21
voxsize: 233x615x1985 size:1085.05468MB
voxBW: 4 7
Initialization time: 0.144012
adding 34.631428,36.326969,3506 to -39;77 32.875;71.25 0;5950
intersect: 34474
decomposition time: 0.001844 seconds
max load: 10830 avgloadperbox: 3934.75 avgloadpercore: 15739
compute: 0.033875 seconds
evaluations: 28160272
time: 0.179824 seconds
