bounding: [-39;77]x[-159;148]x[0;5950]
read 31478 observations
res: 0.5 0.5 3 bw: 2 2 21
voxsize: 233x615x1985 size:1085.05468MB
voxBW: 4 7
Initialization time: 0.105514
decomposition time: 0.002868 seconds
max load: 1230 avgloadperbox: 0.960632324 avgloadpercore: 7869.5 total load: 31478
mem: 39304
compute: 0.098147 seconds
evaluations: 0
time: 0.207302 seconds
