bounding: [-39;77]x[-159;148]x[0;5950]
read 31478 observations
res: 1 1 7 bw: 2 2 21
voxsize: 117x308x851 size:116.983932MB
voxBW: 2 3
Initialization time: 0.026109
decomposition time: 0.001340 seconds
max load: 2352 avgloadperbox: 61.4804688 avgloadpercore: 31478 total load: 31478
mem: 1000
compute: 0.010427 seconds
evaluations: 0
time: 0.037996 seconds
