hostname : sth-c25.uncc.edu
bounding: [-39;77]x[-159;148]x[0;5950]
read 31478 observations
res: 0.2 0.2 1 bw: 2 2 21
voxsize: 581x1536x5951 size:20258.9707MB
voxBW: 10 21
Initialization time: 2.687354
intersect: 34474
decomposition time: 0.001774 seconds
max load: 10830 avgloadperbox: 3934.75 avgloadpercore: 15739
compute: 1.055972 seconds
evaluations: 528611320
time: 3.745270 seconds
