bounding: [-39;77]x[-159;148]x[0;5950]
read 31478 observations
res: 0.5 0.5 3 bw: 2 2 21
voxsize: 233x615x1985 size:1085MB
voxBW: 4 7
Initialization time: 0.273022
compute: 0.018116 seconds
reduce: 0.255678 seconds
evaluations: 28194880
time: 0.556049 seconds
