bounding: [-39;77]x[-159;148]x[0;5950]
read 31478 observations
res: 0.2 0.2 1 bw: 2 2 21
voxsize: 581x1536x5951 size:20258.9707MB
voxBW: 10 21
Initialization time: 1.905906
adding 34.631428,36.326969,3506 to 19;48 32.875;71.25 2975;3718.75
intersect: 38995
decomposition time: 0.003497 seconds
max load: 2365 avgloadperbox: 122.960938 avgloadpercore: 1967.375
compute: 0.186666 seconds
evaluations: 528611320
time: 2.096213 seconds
