bounding: [-39;77]x[-159;148]x[0;5950]
read 31478 observations
res: 1 1 7 bw: 1 1 7
voxsize: 117x308x851 size:116.983932MB
voxBW: 1 1
Initialization time: 0.011751
adding 34.631428,36.326969,3506 to 19;48 32.875;71.25 2975;4462.5
intersect: 35339
decomposition time: 0.002827 seconds
max load: 3921 avgloadperbox: 245.921875 avgloadpercore: 1967.375
compute: 0.001350 seconds
evaluations: 251592
time: 0.016044 seconds
