hostname : sth-c9.uncc.edu
bounding: [-39;77]x[-159;148]x[0;5950]
read 31478 observations
res: 0.5 0.5 3 bw: 1 1 7
voxsize: 233x615x1985 size:1085.05468MB
voxBW: 2 3
Initialization time: 0.175100
intersect: 35817
decomposition time: 0.005194 seconds
max load: 6331 avgloadperbox: 983.6875 avgloadpercore: 1967.375
compute: 0.005640 seconds
evaluations: 3021088
time: 0.186288 seconds
