hostname : sth-c17.uncc.edu
bounding: [-39;77]x[-159;148]x[0;5950]
read 31478 observations
res: 0.2 0.2 1 bw: 1 1 7
voxsize: 581x1536x5951 size:20258.9707MB
voxBW: 5 7
decomposition time: 0.001239 seconds
max load: 17177 avgloadperbox: 3934.75 avgloadpercore: 3934.75 total load: 31478
Initialization time: 1.892123
mem: 64
compute: 0.137071 seconds
evaluations: 0
time: 2.030606 seconds
