hostname : sth-c9.uncc.edu
bounding: [-39;77]x[-159;148]x[0;5950]
read 31478 observations
res: 1 1 7 bw: 2 2 21
voxsize: 117x308x851 size:116.983932MB
voxBW: 2 3
Initialization time: 0.035996
intersect: 37205
decomposition time: 0.005887 seconds
max load: 6529 avgloadperbox: 983.6875 avgloadpercore: 15739
compute: 0.014126 seconds
evaluations: 2985360
time: 0.056383 seconds
