hostname : sth-c4.uncc.edu
bounding: [-39;77]x[-159;148]x[0;5950]
read 31478 observations
res: 1 1 7 bw: 1 1 7
voxsize: 117x308x851 size:116.983932MB
voxBW: 1 1
Initialization time: 0.029212
intersect: 31904
decomposition time: 0.004703 seconds
max load: 9425 avgloadperbox: 3934.75 avgloadpercore: 3934.75
compute: 0.002363 seconds
evaluations: 251636
time: 0.036590 seconds
