bounding: [-39;77]x[-159;148]x[0;5950]
read 31478 observations
res: 1 1 7 bw: 1 1 7
voxsize: 117x308x851 size:116.983932MB
voxBW: 1 1
Initialization time: 0.015848
adding 34.631428,36.326969,3506 to 33.5;48 32.875;71.25 2975;4462.5
intersect: 36575
decomposition time: 0.003199 seconds
max load: 3921 avgloadperbox: 122.960938 avgloadpercore: 15739
compute: 0.001473 seconds
evaluations: 251456
time: 0.020649 seconds
