bounding: [-39;77]x[-159;148]x[0;5950]
read 31478 observations
res: 0.2 0.2 1 bw: 2 2 21
voxsize: 581x1536x5951 size:20258.9707MB
voxBW: 10 21
Initialization time: 1.895861
decomposition time: 0.001725 seconds
max load: 1901 avgloadperbox: 7.68505859 avgloadpercore: 3934.75 total load: 31478
compute: 0.505554 seconds
evaluations: 528611320
time: 2.403381 seconds
