bounding: [-39;77]x[-159;148]x[0;5950]
read 31478 observations
res: 1 1 7 bw: 1 1 7
voxsize: 117x308x851 size:116.983932MB
voxBW: 1 1
Initialization time: 0.011160
decomposition time: 0.007706 seconds
max load: 868 avgloadperbox: 0.120079041 avgloadpercore: 3934.75 total load: 31478
mem: 287496
compute: 1.152069 seconds
evaluations: 0
time: 1.175778 seconds
