hostname : sth-c16.uncc.edu
bounding: [-39;77]x[-159;148]x[0;5950]
read 31478 observations
res: 0.5 0.5 3 bw: 2 2 21
voxsize: 233x615x1985 size:1085.05468MB
voxBW: 4 7
Initialization time: 0.144554
intersect: 31478
decomposition time: 0.000957 seconds
max load: 31478 avgloadperbox: 31478 avgloadpercore: 15739
compute: 0.064276 seconds
evaluations: 38229948
time: 0.209939 seconds
