hostname : sth-c13.uncc.edu
bounding: [-39;77]x[-159;148]x[0;5950]
read 31478 observations
res: 1 1 7 bw: 1 1 7
voxsize: 117x308x851 size:116.983932MB
voxBW: 1 1
Initialization time: 0.011550
intersect: 31478
decomposition time: 0.001007 seconds
max load: 31478 avgloadperbox: 31478 avgloadpercore: 3934.75
compute: 0.004709 seconds
evaluations: 849879
time: 0.017428 seconds
