hostname : sth-c13.uncc.edu
bounding: [-39;77]x[-159;148]x[0;5950]
read 31478 observations
res: 0.5 0.5 3 bw: 1 1 7
voxsize: 233x615x1985 size:1085.05468MB
voxBW: 2 3
Initialization time: 0.105413
intersect: 44066
decomposition time: 0.007271 seconds
max load: 1911 avgloadperbox: 7.68505859 avgloadpercore: 1967.375
compute: 0.002081 seconds
evaluations: 3017416
time: 0.114994 seconds
