bounding: [-39;77]x[-159;148]x[0;5950]
read 31478 observations
res: 0.2 0.2 1 bw: 1 1 7
voxsize: 581x1536x5951 size:20258.9707MB
voxBW: 5 7
Initialization time: 2.368055
adding 34.631428,36.326969,3506 to -39;77 32.875;71.25 2975;3718.75
intersect: 32651
decomposition time: 0.002670 seconds
max load: 3570 avgloadperbox: 491.84375 avgloadpercore: 7869.5
compute: 0.033341 seconds
evaluations: 44064960
time: 2.404194 seconds
