bounding: [-39;77]x[-159;148]x[0;5950]
read 31478 observations
res: 1 1 7 bw: 1 1 7
voxsize: 117x308x851 size:116.983932MB
voxBW: 1 1
Initialization time: 0.011487
adding 34.631428,36.326969,3506 to 19;48 -5.5;71.25 2975;4462.5
intersect: 34971
decomposition time: 0.002198 seconds
max load: 4006 avgloadperbox: 491.84375 avgloadpercore: 3934.75
compute: 0.001137 seconds
evaluations: 251636
time: 0.014931 seconds
