bounding: [-39;77]x[-159;148]x[0;5950]
read 31478 observations
res: 0.2 0.2 1 bw: 2 2 21
voxsize: 581x1536x5951 size:20258.9707MB
voxBW: 10 21
Initialization time: 2.681614
adding 34.631428,36.326969,3506 to -39;77 32.875;71.25 2975;3718.75
intersect: 35863
decomposition time: 0.002793 seconds
max load: 3659 avgloadperbox: 491.84375 avgloadpercore: 15739
compute: 0.829921 seconds
evaluations: 528611320
time: 3.514456 seconds
