hostname : sth-c25.uncc.edu
bounding: [-39;77]x[-159;148]x[0;5950]
read 31478 observations
res: 0.5 0.5 3 bw: 2 2 21
voxsize: 233x615x1985 size:1085.05468MB
voxBW: 4 7
Initialization time: 0.144304
intersect: 38995
decomposition time: 0.003167 seconds
max load: 2365 avgloadperbox: 122.960938 avgloadpercore: 15739
compute: 0.026080 seconds
evaluations: 28160272
time: 0.173686 seconds
