hostname : sth-c9.uncc.edu
bounding: [-39;77]x[-159;148]x[0;5950]
read 31478 observations
res: 1 1 7 bw: 2 2 21
voxsize: 117x308x851 size:116.983932MB
voxBW: 2 3
Initialization time: 0.032100
intersect: 41268
decomposition time: 0.011066 seconds
max load: 2365 avgloadperbox: 61.4804688 avgloadpercore: 7869.5
compute: 0.007484 seconds
evaluations: 2984776
time: 0.051009 seconds
