bounding: [-39;77]x[-159;148]x[0;5950]
read 31478 observations
res: 0.5 0.5 3 bw: 1 1 7
voxsize: 233x615x1985 size:1085.05468MB
voxBW: 2 3
Initialization time: 0.241588
adding 34.631428,36.326969,3506 to 33.5;48 32.875;71.25 2975;3718.75
intersect: 36719
decomposition time: 0.003756 seconds
max load: 2361 avgloadperbox: 61.4804688 avgloadpercore: 31478
compute: 0.011585 seconds
evaluations: 3020768
time: 0.257098 seconds
