hostname : sth-c9.uncc.edu
bounding: [-39;77]x[-159;148]x[0;5950]
read 31478 observations
res: 1 1 7 bw: 2 2 21
voxsize: 117x308x851 size:116.983932MB
voxBW: 2 3
Initialization time: 0.027864
intersect: 35257
decomposition time: 0.005811 seconds
max load: 5580 avgloadperbox: 983.6875 avgloadpercore: 1967.375
compute: 0.005221 seconds
evaluations: 3021408
time: 0.039186 seconds
