bounding: [-39;77]x[-159;148]x[0;5950]
read 31478 observations
res: 0.2 0.2 1 bw: 2 2 21
voxsize: 581x1536x5951 size:20258.9707MB
voxBW: 10 21
Initialization time: 4.477167
adding 34.631428,36.326969,3506 to 19;48 -159;148 2975;4462.5
intersect: 35172
decomposition time: 0.001957 seconds
max load: 8801 avgloadperbox: 1967.375 avgloadpercore: 31478
compute: 1.525296 seconds
evaluations: 528611320
time: 6.004529 seconds
