hostname : sth-c9.uncc.edu
bounding: [-39;77]x[-159;148]x[0;5950]
read 31478 observations
res: 1 1 7 bw: 2 2 21
voxsize: 117x308x851 size:116.983932MB
voxBW: 2 3
Initialization time: 0.032401
intersect: 37056
decomposition time: 0.005927 seconds
max load: 7803 avgloadperbox: 983.6875 avgloadpercore: 7869.5
compute: 0.010678 seconds
evaluations: 2985288
time: 0.049422 seconds
