hostname : sth-c14.uncc.edu
bounding: [-39;77]x[-159;148]x[0;5950]
read 31478 observations
res: 0.5 0.5 3 bw: 1 1 7
voxsize: 233x615x1985 size:1085.05468MB
voxBW: 2 3
Initialization time: 0.101630
intersect: 34971
decomposition time: 0.002042 seconds
max load: 4006 avgloadperbox: 491.84375 avgloadpercore: 3934.75
compute: 0.003805 seconds
evaluations: 5605355
time: 0.107591 seconds
