hostname : sth-c9.uncc.edu
bounding: [-39;77]x[-159;148]x[0;5950]
read 31478 observations
res: 0.5 0.5 3 bw: 1 1 7
voxsize: 233x615x1985 size:1085.05468MB
voxBW: 2 3
Initialization time: 0.173041
intersect: 35339
decomposition time: 0.007120 seconds
max load: 3921 avgloadperbox: 245.921875 avgloadpercore: 1967.375
compute: 0.005244 seconds
evaluations: 3021088
time: 0.185642 seconds
