hostname : sth-c4.uncc.edu
bounding: [-39;77]x[-159;148]x[0;5950]
read 31478 observations
res: 1 1 7 bw: 1 1 7
voxsize: 117x308x851 size:116.983932MB
voxBW: 1 1
Initialization time: 0.036348
intersect: 36207
decomposition time: 0.007106 seconds
max load: 3959 avgloadperbox: 245.921875 avgloadpercore: 15739
compute: 0.003701 seconds
evaluations: 251500
time: 0.047523 seconds
