hostname : sth-c4.uncc.edu
bounding: [-39;77]x[-159;148]x[0;5950]
read 31478 observations
res: 0.2 0.2 1 bw: 1 1 7
voxsize: 581x1536x5951 size:20258.9707MB
voxBW: 5 7
Initialization time: 2.162001
intersect: 36207
decomposition time: 0.002565 seconds
max load: 3959 avgloadperbox: 245.921875 avgloadpercore: 7869.5
compute: 0.040344 seconds
evaluations: 44064960
time: 2.205064 seconds
