hostname : sth-c4.uncc.edu
bounding: [-39;77]x[-159;148]x[0;5950]
read 31478 observations
res: 0.5 0.5 3 bw: 2 2 21
voxsize: 233x615x1985 size:1085.05468MB
voxBW: 4 7
decomposition time: 0.002866 seconds
max load: 31478 avgloadperbox: 31478 avgloadpercore: 7869.5 total load: 31478
Initialization time: 0.281939
mem: 27
compute: 0.145581 seconds
evaluations: 0
time: 0.430762 seconds
