bounding: [-39;77]x[-159;148]x[0;5950]
read 31478 observations
res: 0.5 0.5 3 bw: 2 2 21
voxsize: 233x615x1985 size:1085.05468MB
voxBW: 4 7
Initialization time: 0.101623
decomposition time: 0.001117 seconds
0,0,0 : 31478
max load: 31478 avgloadperbox: 31478 avgloadpercore: 3934.75 total load: 31478
mem: 27
compute: 0.050958 seconds
evaluations: 0
time: 0.153880 seconds
