hostname : sth-c4.uncc.edu
bounding: [-39;77]x[-159;148]x[0;5950]
read 31478 observations
res: 1 1 7 bw: 1 1 7
voxsize: 117x308x851 size:116.983932MB
voxBW: 1 1
Initialization time: 0.030442
intersect: 32283
decomposition time: 0.005600 seconds
max load: 3676 avgloadperbox: 983.6875 avgloadpercore: 7869.5
compute: 0.002187 seconds
evaluations: 251636
time: 0.038549 seconds
