hostname : sth-c25.uncc.edu
bounding: [-39;77]x[-159;148]x[0;5950]
read 31478 observations
res: 0.2 0.2 1 bw: 2 2 21
voxsize: 581x1536x5951 size:20258.9707MB
voxBW: 10 21
Initialization time: 1.929993
intersect: 38359
decomposition time: 0.003197 seconds
max load: 2365 avgloadperbox: 122.960938 avgloadpercore: 1967.375
compute: 0.232272 seconds
evaluations: 528530680
time: 2.165614 seconds
