bounding: [-39;77]x[-159;148]x[0;5950]
read 31478 observations
res: 0.5 0.5 3 bw: 2 2 21
voxsize: 233x615x1985 size:1085.05468MB
voxBW: 4 7
Initialization time: 0.240943
adding 34.631428,36.326969,3506 to -39;77 -159;148 2975;4462.5
intersect: 32056
decomposition time: 0.001361 seconds
max load: 15779 avgloadperbox: 7869.5 avgloadpercore: 31478
compute: 0.049715 seconds
evaluations: 28194880
time: 0.292118 seconds
