bounding: [-39;77]x[-159;148]x[0;5950]
read 31478 observations
res: 0.5 0.5 3 bw: 2 2 21
voxsize: 233x615x1985 size:1085.05468MB
voxBW: 4 7
Initialization time: 0.101107
adding 34.631428,36.326969,3506 to -39;77 -159;148 0;5950
intersect: 31478
decomposition time: 0.001172 seconds
max load: 31478 avgloadperbox: 31478 avgloadpercore: 1967.375
compute: 0.052088 seconds
evaluations: 28194880
time: 0.154528 seconds
