hostname : sth-c25.uncc.edu
bounding: [-39;77]x[-159;148]x[0;5950]
read 31478 observations
res: 0.2 0.2 1 bw: 2 2 21
voxsize: 581x1536x5951 size:20258.9707MB
voxBW: 10 21
Initialization time: 1.916579
intersect: 31864
decomposition time: 0.001391 seconds
max load: 10987 avgloadperbox: 7869.5 avgloadpercore: 1967.375
compute: 0.733592 seconds
evaluations: 528611320
time: 2.651680 seconds
