hostname : sth-c12.uncc.edu
bounding: [-39;77]x[-159;148]x[0;5950]
read 31478 observations
res: 1 1 7 bw: 2 2 21
voxsize: 117x308x851 size:116.983932MB
voxBW: 2 3
Initialization time: 0.012094
intersect: 272451
decomposition time: 0.081586 seconds
max load: 1182 avgloadperbox: 0.120079041 avgloadpercore: 1967.375
compute: 0.029325 seconds
evaluations: 2859932
time: 0.126706 seconds
