bounding: [-39;77]x[-159;148]x[0;5950]
read 31478 observations
res: 0.2 0.2 1 bw: 1 1 7
voxsize: 581x1536x5951 size:20258.9707MB
voxBW: 5 7
Initialization time: 2.823893
adding 34.631428,36.326969,3506 to 19;48 -159;148 2975;4462.5
intersect: 34592
decomposition time: 0.001966 seconds
max load: 8586 avgloadperbox: 1967.375 avgloadpercore: 15739
compute: 0.058853 seconds
evaluations: 44064960
time: 2.884816 seconds
