hostname : sth-c25.uncc.edu
bounding: [-39;77]x[-159;148]x[0;5950]
read 31478 observations
res: 0.2 0.2 1 bw: 2 2 21
voxsize: 581x1536x5951 size:20258.9707MB
voxBW: 10 21
Initialization time: 2.686968
intersect: 39677
decomposition time: 0.002676 seconds
max load: 7789 avgloadperbox: 491.84375 avgloadpercore: 15739
compute: 1.216577 seconds
evaluations: 528530680
time: 3.906372 seconds
