hostname : sth-c15.uncc.edu
bounding: [-39;77]x[-159;148]x[0;5950]
read 31478 observations
res: 0.5 0.5 3 bw: 2 2 21
voxsize: 233x615x1985 size:1085.05468MB
voxBW: 4 7
Initialization time: 0.105214
intersect: 35569
decomposition time: 0.002122 seconds
max load: 4024 avgloadperbox: 491.84375 avgloadpercore: 7869.5
compute: 0.019233 seconds
evaluations: 38650488
time: 0.126675 seconds
