hostname : sth-c9.uncc.edu
bounding: [-39;77]x[-159;148]x[0;5950]
read 31478 observations
res: 1 1 7 bw: 2 2 21
voxsize: 117x308x851 size:116.983932MB
voxBW: 2 3
Initialization time: 0.029536
intersect: 32965
decomposition time: 0.005675 seconds
max load: 3746 avgloadperbox: 983.6875 avgloadpercore: 3934.75
compute: 0.004622 seconds
evaluations: 3020896
time: 0.040172 seconds
