hostname : sth-c25.uncc.edu
bounding: [-39;77]x[-159;148]x[0;5950]
read 31478 observations
res: 0.5 0.5 3 bw: 2 2 21
voxsize: 233x615x1985 size:1085.05468MB
voxBW: 4 7
Initialization time: 0.102917
intersect: 31478
decomposition time: 0.000994 seconds
max load: 31478 avgloadperbox: 31478 avgloadpercore: 3934.75
compute: 0.051603 seconds
evaluations: 28194880
time: 0.155670 seconds
