bounding: [-39;77]x[-159;148]x[0;5950]
read 31478 observations
res: 1 1 7 bw: 1 1 7
voxsize: 117x308x851 size:116.983932MB
voxBW: 1 1
Initialization time: 0.012411
adding 34.631428,36.326969,3506 to -39;77 -159;148 0;5950
intersect: 31478
decomposition time: 0.001079 seconds
max load: 31478 avgloadperbox: 31478 avgloadpercore: 7869.5
compute: 0.002447 seconds
evaluations: 251812
time: 0.016087 seconds
