bounding: [-39;77]x[-159;148]x[0;5950]
read 31478 observations
res: 1 1 7 bw: 2 2 21
voxsize: 117x308x851 size:116.983932MB
voxBW: 2 3
Initialization time: 0.012372
decomposition time: 0.002859 seconds
max load: 1230 avgloadperbox: 0.960632324 avgloadpercore: 1967.375 total load: 31478
compute: 0.005493 seconds
evaluations: 3021480
time: 0.021325 seconds
