hostname : sth-c4.uncc.edu
bounding: [-39;77]x[-159;148]x[0;5950]
read 31478 observations
res: 0.2 0.2 1 bw: 1 1 7
voxsize: 581x1536x5951 size:20258.9707MB
voxBW: 5 7
Initialization time: 1.940694
intersect: 36575
decomposition time: 0.003259 seconds
max load: 3921 avgloadperbox: 122.960938 avgloadpercore: 1967.375
compute: 0.030328 seconds
evaluations: 44064960
time: 1.974440 seconds
