hostname : sth-c15.uncc.edu
bounding: [-39;77]x[-159;148]x[0;5950]
read 31478 observations
res: 0.5 0.5 3 bw: 2 2 21
voxsize: 233x615x1985 size:1085.05468MB
voxBW: 4 7
Initialization time: 0.103091
intersect: 41276
decomposition time: 0.003055 seconds
max load: 2365 avgloadperbox: 61.4804688 avgloadpercore: 3934.75
compute: 0.011580 seconds
evaluations: 38877063
time: 0.117862 seconds
