bounding: [-39;77]x[-159;148]x[0;5950]
read 31478 observations
res: 0.2 0.2 1 bw: 2 2 21
voxsize: 581x1536x5951 size:20258.9707MB
voxBW: 10 21
Initialization time: 1.892275
decomposition time: 0.002942 seconds
max load: 1230 avgloadperbox: 0.960632324 avgloadpercore: 3934.75 total load: 31478
compute: 0.382726 seconds
evaluations: 528611320
time: 2.278658 seconds
