hostname : sth-c9.uncc.edu
bounding: [-39;77]x[-159;148]x[0;5950]
read 31478 observations
res: 1 1 7 bw: 2 2 21
voxsize: 117x308x851 size:116.983932MB
voxBW: 2 3
Initialization time: 0.029094
intersect: 32576
decomposition time: 0.004594 seconds
max load: 9543 avgloadperbox: 3934.75 avgloadpercore: 1967.375
compute: 0.008900 seconds
evaluations: 3020968
time: 0.043006 seconds
