bounding: [-39;77]x[-159;148]x[0;5950]
read 31478 observations
res: 0.2 0.2 1 bw: 1 1 7
voxsize: 581x1536x5951 size:20258.9707MB
voxBW: 5 7
Initialization time: 2.859211
adding 34.631428,36.326969,3506 to 33.5;48 32.875;71.25 0;5950
intersect: 36227
decomposition time: 0.002811 seconds
max load: 7768 avgloadperbox: 491.84375 avgloadpercore: 15739
compute: 0.072349 seconds
evaluations: 44064960
time: 2.934496 seconds
