hostname : sth-c14.uncc.edu
bounding: [-39;77]x[-159;148]x[0;5950]
read 31478 observations
res: 1 1 7 bw: 2 2 21
voxsize: 117x308x851 size:116.983932MB
voxBW: 2 3
Initialization time: 0.025231
intersect: 272451
decomposition time: 0.081678 seconds
max load: 1182 avgloadperbox: 0.120079041 avgloadpercore: 31478
compute: 0.058750 seconds
evaluations: 5106860
time: 0.168750 seconds
