bounding: [-39;77]x[-159;148]x[0;5950]
read 31478 observations
res: 1 1 7 bw: 1 1 7
voxsize: 117x308x851 size:116.983932MB
voxBW: 1 1
Initialization time: 0.012318
adding 34.631428,36.326969,3506 to 19;48 -159;148 0;5950
intersect: 34307
decomposition time: 0.001627 seconds
max load: 18096 avgloadperbox: 7869.5 avgloadpercore: 1967.375
compute: 0.003201 seconds
evaluations: 251812
time: 0.017293 seconds
