hostname : sth-c2.uncc.edu
bounding: [-39;77]x[-159;148]x[0;5950]
read 31478 observations
res: 0.2 0.2 1 bw: 1 1 7
voxsize: 581x1536x5951 size:20258.9707MB
voxBW: 5 7
Initialization time: 1.898291
intersect: 31546
decomposition time: 0.001447 seconds
max load: 17199 avgloadperbox: 3934.75 avgloadpercore: 3934.75
compute: 0.052138 seconds
evaluations: 44064960
time: 1.952043 seconds
