bounding: [-39;77]x[-159;148]x[0;5950]
read 31478 observations
res: 0.5 0.5 3 bw: 1 1 7
voxsize: 233x615x1985 size:1085.05468MB
voxBW: 2 3
Initialization time: 0.102830
adding 34.631428,36.326969,3506 to 19;48 32.875;71.25 2975;4462.5
intersect: 35339
decomposition time: 0.002801 seconds
max load: 3921 avgloadperbox: 245.921875 avgloadpercore: 1967.375
compute: 0.002315 seconds
evaluations: 3021088
time: 0.108065 seconds
