hostname : sth-c18.uncc.edu
bounding: [-39;77]x[-159;148]x[0;5950]
read 31478 observations
res: 0.2 0.2 1 bw: 2 2 21
voxsize: 581x1536x5951 size:20258.9707MB
voxBW: 10 21
decomposition time: 0.001295 seconds
max load: 2352 avgloadperbox: 61.4804688 avgloadpercore: 3934.75 total load: 31478
Initialization time: 2.324604
mem: 1000
compute: 0.382849 seconds
evaluations: 0
time: 2.708923 seconds
