hostname : sth-c4.uncc.edu
bounding: [-39;77]x[-159;148]x[0;5950]
read 31478 observations
res: 0.2 0.2 1 bw: 1 1 7
voxsize: 581x1536x5951 size:20258.9707MB
voxBW: 5 7
Initialization time: 2.143105
intersect: 35817
decomposition time: 0.002121 seconds
max load: 6331 avgloadperbox: 983.6875 avgloadpercore: 7869.5
compute: 0.037381 seconds
evaluations: 44064960
time: 2.182736 seconds
