bounding: [-39;77]x[-159;148]x[0;5950]
read 31478 observations
res: 0.2 0.2 1 bw: 1 1 7
voxsize: 581x1536x5951 size:20258.9707MB
voxBW: 5 7
Initialization time: 1.903004
decomposition time: 0.001157 seconds
max load: 31478 avgloadperbox: 31478 avgloadpercore: 1967.375 total load: 31478
compute: 0.122895 seconds
evaluations: 44064960
time: 2.027240 seconds
