hostname : sth-c2.uncc.edu
bounding: [-39;77]x[-159;148]x[0;5950]
read 31478 observations
res: 0.5 0.5 3 bw: 2 2 21
voxsize: 233x615x1985 size:1085.05468MB
voxBW: 4 7
Initialization time: 0.101763
intersect: 31663
decomposition time: 0.001408 seconds
max load: 17241 avgloadperbox: 3934.75 avgloadpercore: 3934.75
compute: 0.027982 seconds
evaluations: 28194880
time: 0.131329 seconds
