bounding: [-39;77]x[-159;148]x[0;5950]
read 31478 observations
res: 0.2 0.2 1 bw: 2 2 21
voxsize: 581x1536x5951 size:20258.9707MB
voxBW: 10 21
Initialization time: 4.471273
adding 34.631428,36.326969,3506 to 19;48 32.875;71.25 0;5950
intersect: 37601
decomposition time: 0.002449 seconds
max load: 7789 avgloadperbox: 983.6875 avgloadpercore: 31478
compute: 1.960276 seconds
evaluations: 528611320
time: 6.434118 seconds
