hostname : sth-c16.uncc.edu
bounding: [-39;77]x[-159;148]x[0;5950]
read 31478 observations
res: 0.2 0.2 1 bw: 1 1 7
voxsize: 581x1536x5951 size:20258.9707MB
voxBW: 5 7
Initialization time: 1.980895
intersect: 44074
decomposition time: 0.004205 seconds
max load: 1911 avgloadperbox: 7.68505859 avgloadpercore: 7869.5
compute: 0.043375 seconds
evaluations: 57596297
time: 2.028712 seconds
