hostname : sth-c25.uncc.edu
bounding: [-39;77]x[-159;148]x[0;5950]
read 31478 observations
res: 0.2 0.2 1 bw: 2 2 21
voxsize: 581x1536x5951 size:20258.9707MB
voxBW: 10 21
Initialization time: 1.988631
intersect: 32576
decomposition time: 0.001645 seconds
max load: 9543 avgloadperbox: 3934.75 avgloadpercore: 7869.5
compute: 0.586862 seconds
evaluations: 528611320
time: 2.577266 seconds
