bounding: [-39;77]x[-159;148]x[0;5950]
read 31478 observations
res: 0.2 0.2 1 bw: 2 2 21
voxsize: 581x1536x5951 size:20258.9707MB
voxBW: 10 21
Initialization time: 4.497400
adding 34.631428,36.326969,3506 to -39;77 -5.5;71.25 0;5950
intersect: 31864
decomposition time: 0.001487 seconds
max load: 10987 avgloadperbox: 7869.5 avgloadpercore: 31478
compute: 1.535435 seconds
evaluations: 528611320
time: 6.034439 seconds
