hostname : sth-c18.uncc.edu
bounding: [-39;77]x[-159;148]x[0;5950]
read 31478 observations
res: 0.2 0.2 1 bw: 1 1 7
voxsize: 581x1536x5951 size:20258.9707MB
voxBW: 5 7
Initialization time: 2.672542
intersect: 116383
decomposition time: 0.052389 seconds
max load: 932 avgloadperbox: 0.120079041 avgloadpercore: 15739
compute: 0.107785 seconds
evaluations: 43985020
time: 2.835844 seconds
