hostname : sth-c4.uncc.edu
bounding: [-39;77]x[-159;148]x[0;5950]
read 31478 observations
res: 0.2 0.2 1 bw: 1 1 7
voxsize: 581x1536x5951 size:20258.9707MB
voxBW: 5 7
Initialization time: 1.957850
intersect: 32651
decomposition time: 0.002667 seconds
max load: 3570 avgloadperbox: 491.84375 avgloadpercore: 1967.375
compute: 0.022168 seconds
evaluations: 44064960
time: 1.982867 seconds
