hostname : sth-c18.uncc.edu
bounding: [-39;77]x[-159;148]x[0;5950]
read 31478 observations
res: 0.2 0.2 1 bw: 2 2 21
voxsize: 581x1536x5951 size:20258.9707MB
voxBW: 10 21
decomposition time: 0.001156 seconds
max load: 3996 avgloadperbox: 491.84375 avgloadpercore: 7869.5 total load: 31478
Initialization time: 1.971403
mem: 216
compute: 1.214135 seconds
evaluations: 0
time: 3.186833 seconds
