hostname : sth-c4.uncc.edu
bounding: [-39;77]x[-159;148]x[0;5950]
read 31478 observations
res: 0.2 0.2 1 bw: 1 1 7
voxsize: 581x1536x5951 size:20258.9707MB
voxBW: 5 7
Initialization time: 4.705366
intersect: 32142
decomposition time: 0.001714 seconds
max load: 5522 avgloadperbox: 1967.375 avgloadpercore: 31478
compute: 0.087842 seconds
evaluations: 44064960
time: 4.795037 seconds
