bounding: [-39;77]x[-159;148]x[0;5950]
read 31478 observations
res: 1 1 7 bw: 1 1 7
voxsize: 117x308x851 size:116.983932MB
voxBW: 1 1
Initialization time: 0.012130
adding 34.631428,36.326969,3506 to -39;77 -159;148 2975;4462.5
intersect: 31763
decomposition time: 0.001358 seconds
max load: 15641 avgloadperbox: 7869.5 avgloadpercore: 7869.5
compute: 0.001375 seconds
evaluations: 251636
time: 0.015018 seconds
