hostname : sth-c15.uncc.edu
bounding: [-39;77]x[-159;148]x[0;5950]
read 31478 observations
res: 0.5 0.5 3 bw: 1 1 7
voxsize: 233x615x1985 size:1085.05468MB
voxBW: 2 3
Initialization time: 0.105082
intersect: 116383
decomposition time: 0.051915 seconds
max load: 932 avgloadperbox: 0.120079041 avgloadpercore: 7869.5
compute: 0.051616 seconds
evaluations: 5350139
time: 0.211589 seconds
