bounding: [-39;77]x[-159;148]x[0;5950]
read 31478 observations
res: 0.5 0.5 3 bw: 2 2 21
voxsize: 233x615x1985 size:1085.05468MB
voxBW: 4 7
Initialization time: 0.144486
decomposition time: 0.002815 seconds
max load: 1230 avgloadperbox: 0.960632324 avgloadpercore: 15739 total load: 31478
mem: 39304
compute: 0.065666 seconds
evaluations: 0
time: 0.213712 seconds
