bounding: [-39;77]x[-159;148]x[0;5950]
read 31478 observations
res: 0.2 0.2 1 bw: 1 1 7
voxsize: 581x1536x5951 size:20258.9707MB
voxBW: 5 7
Initialization time: 1.958850
decomposition time: 0.001102 seconds
0,0,0 : 31478
max load: 31478 avgloadperbox: 31478 avgloadpercore: 7869.5 total load: 31478
mem: 27
compute: 0.123078 seconds
evaluations: 0
time: 2.083238 seconds
