hostname : sth-c13.uncc.edu
bounding: [-39;77]x[-159;148]x[0;5950]
read 31478 observations
res: 1 1 7 bw: 2 2 21
voxsize: 117x308x851 size:116.983932MB
voxBW: 2 3
Initialization time: 0.025955
intersect: 135871
decomposition time: 0.012404 seconds
max load: 1383 avgloadperbox: 0.960632324 avgloadpercore: 31478
compute: 0.023678 seconds
evaluations: 5470050
time: 0.062578 seconds
