hostname : sth-c25.uncc.edu
bounding: [-39;77]x[-159;148]x[0;5950]
read 31478 observations
res: 0.5 0.5 3 bw: 2 2 21
voxsize: 233x615x1985 size:1085.05468MB
voxBW: 4 7
Initialization time: 0.144186
intersect: 34980
decomposition time: 0.001629 seconds
max load: 7803 avgloadperbox: 1967.375 avgloadpercore: 15739
compute: 0.031208 seconds
evaluations: 28194880
time: 0.177128 seconds
