hostname : sth-c4.uncc.edu
bounding: [-39;77]x[-159;148]x[0;5950]
read 31478 observations
res: 0.2 0.2 1 bw: 1 1 7
voxsize: 581x1536x5951 size:20258.9707MB
voxBW: 5 7
Initialization time: 3.699647
intersect: 34686
decomposition time: 0.001777 seconds
max load: 7772 avgloadperbox: 1967.375 avgloadpercore: 15739
compute: 0.086078 seconds
evaluations: 44064960
time: 3.787668 seconds
