hostname : sth-c4.uncc.edu
bounding: [-39;77]x[-159;148]x[0;5950]
read 31478 observations
res: 0.2 0.2 1 bw: 1 1 7
voxsize: 581x1536x5951 size:20258.9707MB
voxBW: 5 7
Initialization time: 3.130519
intersect: 32283
decomposition time: 0.002103 seconds
max load: 3676 avgloadperbox: 983.6875 avgloadpercore: 15739
compute: 0.073157 seconds
evaluations: 44064960
time: 3.205960 seconds
