hostname : sth-c25.uncc.edu
bounding: [-39;77]x[-159;148]x[0;5950]
read 31478 observations
res: 0.5 0.5 3 bw: 2 2 21
voxsize: 233x615x1985 size:1085.05468MB
voxBW: 4 7
Initialization time: 0.240534
intersect: 31864
decomposition time: 0.001262 seconds
max load: 10987 avgloadperbox: 7869.5 avgloadpercore: 31478
compute: 0.049316 seconds
evaluations: 28194880
time: 0.291248 seconds
