hostname : sth-c25.uncc.edu
bounding: [-39;77]x[-159;148]x[0;5950]
read 31478 observations
res: 0.5 0.5 3 bw: 2 2 21
voxsize: 233x615x1985 size:1085MB
voxBW: 4 7
Initialization time: 0.320909
compute: 0.011760 seconds
reduce: 0.320091 seconds
evaluations: 28194880
time: 0.672916 seconds
