hostname : sth-c25.uncc.edu
bounding: [-39;77]x[-159;148]x[0;5950]
read 31478 observations
res: 0.2 0.2 1 bw: 2 2 21
voxsize: 581x1536x5951 size:20258.9707MB
voxBW: 10 21
Initialization time: 4.483803
intersect: 37056
decomposition time: 0.002064 seconds
max load: 7803 avgloadperbox: 983.6875 avgloadpercore: 31478
compute: 1.960237 seconds
evaluations: 528530680
time: 6.446229 seconds
