bounding: [-39;77]x[-159;148]x[0;5950]
read 31478 observations
res: 0.5 0.5 3 bw: 1 1 7
voxsize: 233x615x1985 size:1085.05468MB
voxBW: 2 3
Initialization time: 0.102312
adding 34.631428,36.326969,3506 to -39;77 -159;148 2975;3718.75
intersect: 31904
decomposition time: 0.001829 seconds
max load: 9425 avgloadperbox: 3934.75 avgloadpercore: 3934.75
compute: 0.003700 seconds
evaluations: 3020768
time: 0.107936 seconds
