bounding: [-39;77]x[-159;148]x[0;5950]
read 31478 observations
res: 0.2 0.2 1 bw: 2 2 21
voxsize: 581x1536x5951 size:20258.9707MB
voxBW: 10 21
Initialization time: 2.669222
adding 34.631428,36.326969,3506 to -39;77 -159;148 0;5950
intersect: 31478
decomposition time: 0.001169 seconds
max load: 31478 avgloadperbox: 31478 avgloadpercore: 15739
compute: 1.643943 seconds
evaluations: 528611320
time: 4.314505 seconds
