hostname : sth-c9.uncc.edu
bounding: [-39;77]x[-159;148]x[0;5950]
read 31478 observations
res: 0.5 0.5 3 bw: 1 1 7
voxsize: 233x615x1985 size:1085.05468MB
voxBW: 2 3
Initialization time: 0.256734
intersect: 35961
decomposition time: 0.007329 seconds
max load: 3761 avgloadperbox: 491.84375 avgloadpercore: 3934.75
compute: 0.005338 seconds
evaluations: 3020768
time: 0.269659 seconds
