hostname : sth-c4.uncc.edu
bounding: [-39;77]x[-159;148]x[0;5950]
read 31478 observations
res: 0.5 0.5 3 bw: 2 2 21
voxsize: 233x615x1985 size:1085.05468MB
voxBW: 4 7
decomposition time: 0.003461 seconds
max load: 2352 avgloadperbox: 61.4804688 avgloadpercore: 1967.375 total load: 31478
Initialization time: 0.248558
mem: 1000
compute: 0.022622 seconds
evaluations: 0
time: 0.274920 seconds
