hostname : sth-c9.uncc.edu
bounding: [-39;77]x[-159;148]x[0;5950]
read 31478 observations
res: 1 1 7 bw: 2 2 21
voxsize: 117x308x851 size:116.983932MB
voxBW: 2 3
decomposition time: 0.004158 seconds
max load: 1901 avgloadperbox: 7.68505859 avgloadpercore: 7869.5 total load: 31478
Initialization time: 0.031943
mem: 5832
compute: 0.007794 seconds
evaluations: 0
time: 0.055152 seconds
