bounding: [-39;77]x[-159;148]x[0;5950]
read 31478 observations
res: 0.5 0.5 3 bw: 1 1 7
voxsize: 233x615x1985 size:1085.05468MB
voxBW: 2 3
Initialization time: 0.102989
adding 34.631428,36.326969,3506 to 33.5;48 -5.5;71.25 0;5950
intersect: 35918
decomposition time: 0.002250 seconds
max load: 7772 avgloadperbox: 983.6875 avgloadpercore: 3934.75
compute: 0.003916 seconds
evaluations: 3021792
time: 0.109252 seconds
