hostname : sth-c17.uncc.edu
bounding: [-39;77]x[-159;148]x[0;5950]
read 31478 observations
res: 0.2 0.2 1 bw: 2 2 21
voxsize: 581x1536x5951 size:20258.9707MB
voxBW: 10 21
Initialization time: 4.481411
intersect: 135871
decomposition time: 0.012384 seconds
max load: 1383 avgloadperbox: 0.960632324 avgloadpercore: 31478
compute: 2.126114 seconds
evaluations: 599081972
time: 6.620781 seconds
