bounding: [-39;77]x[-159;148]x[0;5950]
read 31478 observations
res: 1 1 7 bw: 2 2 21
voxsize: 117x308x851 size:116.983932MB
voxBW: 2 3
Initialization time: 0.015430
decomposition time: 0.001184 seconds
max load: 3996 avgloadperbox: 491.84375 avgloadpercore: 15739 total load: 31478
mem: 216
compute: 0.005454 seconds
evaluations: 0
time: 0.022176 seconds
