hostname : sth-c25.uncc.edu
bounding: [-39;77]x[-159;148]x[0;5950]
read 31478 observations
res: 0.2 0.2 1 bw: 2 2 21
voxsize: 581x1536x5951 size:20258.9707MB
voxBW: 10 21
Initialization time: 2.687576
intersect: 32965
decomposition time: 0.001988 seconds
max load: 3746 avgloadperbox: 983.6875 avgloadpercore: 15739
compute: 1.070477 seconds
evaluations: 528611320
time: 3.760171 seconds
