bounding: [-39;77]x[-159;148]x[0;5950]
read 31478 observations
res: 1 1 7 bw: 1 1 7
voxsize: 117x308x851 size:116.983932MB
voxBW: 1 1
Initialization time: 0.011740
adding 34.631428,36.326969,3506 to 33.5;48 -5.5;71.25 2975;4462.5
intersect: 36207
decomposition time: 0.002697 seconds
max load: 3959 avgloadperbox: 245.921875 avgloadpercore: 3934.75
compute: 0.000848 seconds
evaluations: 251500
time: 0.015389 seconds
