hostname : sth-c4.uncc.edu
bounding: [-39;77]x[-159;148]x[0;5950]
read 31478 observations
res: 0.5 0.5 3 bw: 1 1 7
voxsize: 233x615x1985 size:1085.05468MB
voxBW: 2 3
decomposition time: 0.002854 seconds
max load: 31478 avgloadperbox: 31478 avgloadpercore: 7869.5 total load: 31478
Initialization time: 0.283732
mem: 27
compute: 0.028452 seconds
evaluations: 0
time: 0.315430 seconds
