hostname : sth-c14.uncc.edu
bounding: [-39;77]x[-159;148]x[0;5950]
read 31478 observations
res: 1 1 7 bw: 2 2 21
voxsize: 117x308x851 size:116.983932MB
voxBW: 2 3
Initialization time: 0.011667
intersect: 31478
decomposition time: 0.001023 seconds
max load: 31478 avgloadperbox: 31478 avgloadpercore: 1967.375
compute: 0.014875 seconds
evaluations: 5506895
time: 0.027722 seconds
