hostname : sth-c16.uncc.edu
bounding: [-39;77]x[-159;148]x[0;5950]
read 31478 observations
res: 0.5 0.5 3 bw: 2 2 21
voxsize: 233x615x1985 size:1085.05468MB
voxBW: 4 7
Initialization time: 0.144722
intersect: 41268
decomposition time: 0.003779 seconds
max load: 2365 avgloadperbox: 61.4804688 avgloadpercore: 15739
compute: 0.033177 seconds
evaluations: 38877063
time: 0.181844 seconds
