hostname : sth-c4.uncc.edu
bounding: [-39;77]x[-159;148]x[0;5950]
read 31478 observations
res: 0.2 0.2 1 bw: 1 1 7
voxsize: 581x1536x5951 size:20258.9707MB
voxBW: 5 7
Initialization time: 2.179669
intersect: 35528
decomposition time: 0.005364 seconds
max load: 11799 avgloadperbox: 3934.75 avgloadpercore: 3934.75
compute: 0.073671 seconds
evaluations: 44064960
time: 2.258914 seconds
