hostname : sth-c25.uncc.edu
bounding: [-39;77]x[-159;148]x[0;5950]
read 31478 observations
res: 0.2 0.2 1 bw: 2 2 21
voxsize: 581x1536x5951 size:20258.9707MB
voxBW: 10 21
Initialization time: 1.918784
intersect: 34474
decomposition time: 0.001841 seconds
max load: 10830 avgloadperbox: 3934.75 avgloadpercore: 1967.375
compute: 0.697769 seconds
evaluations: 528611320
time: 2.618517 seconds
