hostname : sth-c9.uncc.edu
bounding: [-39;77]x[-159;148]x[0;5950]
read 31478 observations
res: 0.5 0.5 3 bw: 1 1 7
voxsize: 233x615x1985 size:1085.05468MB
voxBW: 2 3
Initialization time: 0.432663
intersect: 34995
decomposition time: 0.003806 seconds
max load: 7768 avgloadperbox: 983.6875 avgloadpercore: 31478
compute: 0.017322 seconds
evaluations: 3021792
time: 0.454043 seconds
