hostname : sth-c9.uncc.edu
bounding: [-39;77]x[-159;148]x[0;5950]
read 31478 observations
res: 0.5 0.5 3 bw: 1 1 7
voxsize: 233x615x1985 size:1085.05468MB
voxBW: 2 3
Initialization time: 0.331347
intersect: 34733
decomposition time: 0.005801 seconds
max load: 5152 avgloadperbox: 983.6875 avgloadpercore: 15739
compute: 0.015097 seconds
evaluations: 3020768
time: 0.352597 seconds
