bounding: [-39;77]x[-159;148]x[0;5950]
read 31478 observations
res: 1 1 7 bw: 1 1 7
voxsize: 117x308x851 size:116.983932MB
voxBW: 1 1
Initialization time: 0.015154
adding 34.631428,36.326969,3506 to -39;77 32.875;71.25 2975;3718.75
intersect: 32651
decomposition time: 0.002547 seconds
max load: 3570 avgloadperbox: 491.84375 avgloadpercore: 15739
compute: 0.001354 seconds
evaluations: 251592
time: 0.019219 seconds
