bounding: [-39;77]x[-159;148]x[0;5950]
read 31478 observations
res: 0.5 0.5 3 bw: 1 1 7
voxsize: 233x615x1985 size:1085.05468MB
voxBW: 2 3
Initialization time: 0.106531
adding 34.631428,36.326969,3506 to -39;77 -159;148 2975;4462.5
intersect: 31763
decomposition time: 0.001352 seconds
max load: 15641 avgloadperbox: 7869.5 avgloadpercore: 7869.5
compute: 0.006156 seconds
evaluations: 3021088
time: 0.114129 seconds
