bounding: [-39;77]x[-159;148]x[0;5950]
read 31478 observations
res: 0.5 0.5 3 bw: 1 1 7
voxsize: 233x615x1985 size:1085.05468MB
voxBW: 2 3
Initialization time: 0.240920
decomposition time: 0.008411 seconds
max load: 868 avgloadperbox: 0.120079041 avgloadpercore: 31478 total load: 31478
mem: 287496
compute: 0.107961 seconds
evaluations: 0
time: 0.360974 seconds
