hostname : sth-c15.uncc.edu
bounding: [-39;77]x[-159;148]x[0;5950]
read 31478 observations
res: 0.5 0.5 3 bw: 1 1 7
voxsize: 233x615x1985 size:1085MB
voxBW: 2 3
Initialization time: 0.274213
compute: 0.004590 seconds
reduce: 0.235666 seconds
evaluations: 5507840
time: 0.522925 seconds
