hostname : sth-c9.uncc.edu
bounding: [-39;77]x[-159;148]x[0;5950]
read 31478 observations
res: 0.5 0.5 3 bw: 1 1 7
voxsize: 233x615x1985 size:1085.05468MB
voxBW: 2 3
Initialization time: 0.196912
intersect: 32510
decomposition time: 0.005184 seconds
max load: 5497 avgloadperbox: 983.6875 avgloadpercore: 1967.375
compute: 0.005042 seconds
evaluations: 3021088
time: 0.207342 seconds
