hostname : sth-c25.uncc.edu
bounding: [-39;77]x[-159;148]x[0;5950]
read 31478 observations
res: 0.5 0.5 3 bw: 2 2 21
voxsize: 233x615x1985 size:1085.05468MB
voxBW: 4 7
Initialization time: 0.144557
intersect: 31478
decomposition time: 0.000976 seconds
max load: 31478 avgloadperbox: 31478 avgloadpercore: 15739
compute: 0.050558 seconds
evaluations: 28194880
time: 0.196236 seconds
