bounding: [-39;77]x[-159;148]x[0;5950]
read 31478 observations
res: 0.2 0.2 1 bw: 1 1 7
voxsize: 581x1536x5951 size:20258.9707MB
voxBW: 5 7
Initialization time: 2.680044
adding 34.631428,36.326969,3506 to -39;77 -159;148 2975;4462.5
intersect: 31763
decomposition time: 0.001463 seconds
max load: 15641 avgloadperbox: 7869.5 avgloadpercore: 15739
compute: 0.067627 seconds
evaluations: 44064960
time: 2.749253 seconds
