bounding: [-39;77]x[-159;148]x[0;5950]
read 31478 observations
res: 0.5 0.5 3 bw: 1 1 7
voxsize: 233x615x1985 size:1085.05468MB
voxBW: 2 3
Initialization time: 0.104498
adding 34.631428,36.326969,3506 to -39;77 32.875;71.25 0;5950
intersect: 32166
decomposition time: 0.001926 seconds
max load: 10828 avgloadperbox: 3934.75 avgloadpercore: 1967.375
compute: 0.004598 seconds
evaluations: 3021792
time: 0.111120 seconds
