hostname : sth-c16.uncc.edu
bounding: [-39;77]x[-159;148]x[0;5950]
read 31478 observations
res: 0.5 0.5 3 bw: 2 2 21
voxsize: 233x615x1985 size:1085MB
voxBW: 4 7
Initialization time: 0.262751
compute: 0.045054 seconds
reduce: 0.258420 seconds
evaluations: 38229948
time: 0.569303 seconds
