bounding: [-39;77]x[-159;148]x[0;5950]
read 31478 observations
res: 0.5 0.5 3 bw: 2 2 21
voxsize: 233x615x1985 size:1085.05468MB
voxBW: 4 7
Initialization time: 0.239754
adding 34.631428,36.326969,3506 to 19;48 -159;148 2975;3718.75
intersect: 35697
decomposition time: 0.002221 seconds
max load: 5473 avgloadperbox: 983.6875 avgloadpercore: 31478
compute: 0.065532 seconds
evaluations: 28194880
time: 0.307665 seconds
