hostname : sth-c13.uncc.edu
bounding: [-39;77]x[-159;148]x[0;5950]
read 31478 observations
res: 1 1 7 bw: 2 2 21
voxsize: 117x308x851 size:116.983932MB
voxBW: 2 3
Initialization time: 0.011616
intersect: 55868
decomposition time: 0.004955 seconds
max load: 1921 avgloadperbox: 7.68505859 avgloadpercore: 7869.5
compute: 0.004567 seconds
evaluations: 5542822
time: 0.021398 seconds
