bounding: [-39;77]x[-159;148]x[0;5950]
read 31478 observations
res: 0.2 0.2 1 bw: 1 1 7
voxsize: 581x1536x5951 size:20258.9707MB
voxBW: 5 7
Initialization time: 1.962967
adding 34.631428,36.326969,3506 to 33.5;48 -5.5;71.25 2975;4462.5
intersect: 36207
decomposition time: 0.002804 seconds
max load: 3959 avgloadperbox: 245.921875 avgloadpercore: 3934.75
compute: 0.025595 seconds
evaluations: 44064960
time: 1.991498 seconds
