hostname : sth-c25.uncc.edu
bounding: [-39;77]x[-159;148]x[0;5950]
read 31478 observations
res: 0.2 0.2 1 bw: 2 2 21
voxsize: 581x1536x5951 size:20258.9707MB
voxBW: 10 21
Initialization time: 4.481261
intersect: 35697
decomposition time: 0.002043 seconds
max load: 5473 avgloadperbox: 983.6875 avgloadpercore: 31478
compute: 1.946381 seconds
evaluations: 528611320
time: 6.429802 seconds
