hostname : sth-c25.uncc.edu
bounding: [-39;77]x[-159;148]x[0;5950]
read 31478 observations
res: 0.2 0.2 1 bw: 2 2 21
voxsize: 581x1536x5951 size:20258.9707MB
voxBW: 10 21
Initialization time: 4.484989
intersect: 34594
decomposition time: 0.001398 seconds
max load: 18257 avgloadperbox: 7869.5 avgloadpercore: 31478
compute: 1.960001 seconds
evaluations: 528611320
time: 6.446513 seconds
