hostname : sth-c4.uncc.edu
bounding: [-39;77]x[-159;148]x[0;5950]
read 31478 observations
res: 0.2 0.2 1 bw: 1 1 7
voxsize: 581x1536x5951 size:20258.9707MB
voxBW: 5 7
Initialization time: 2.192589
intersect: 35961
decomposition time: 0.002716 seconds
max load: 3761 avgloadperbox: 491.84375 avgloadpercore: 3934.75
compute: 0.028171 seconds
evaluations: 44064960
time: 2.223627 seconds
