bounding: [-39;77]x[-159;148]x[0;5950]
read 31478 observations
res: 0.2 0.2 1 bw: 2 2 21
voxsize: 581x1536x5951 size:20258.9707MB
voxBW: 10 21
Initialization time: 1.895915
decomposition time: 0.001162 seconds
max load: 31478 avgloadperbox: 31478 avgloadpercore: 3934.75 total load: 31478
compute: 2.070707 seconds
evaluations: 528611320
time: 3.967969 seconds
