hostname : sth-c13.uncc.edu
bounding: [-39;77]x[-159;148]x[0;5950]
read 31478 observations
res: 0.5 0.5 3 bw: 1 1 7
voxsize: 233x615x1985 size:1085.05468MB
voxBW: 2 3
Initialization time: 0.106704
intersect: 116383
decomposition time: 0.052913 seconds
max load: 932 avgloadperbox: 0.120079041 avgloadpercore: 7869.5
compute: 0.050272 seconds
evaluations: 2996900
time: 0.212742 seconds
