hostname : sth-c9.uncc.edu
bounding: [-39;77]x[-159;148]x[0;5950]
read 31478 observations
res: 0.5 0.5 3 bw: 1 1 7
voxsize: 233x615x1985 size:1085.05468MB
voxBW: 2 3
Initialization time: 0.331368
intersect: 31904
decomposition time: 0.004813 seconds
max load: 9425 avgloadperbox: 3934.75 avgloadpercore: 15739
compute: 0.015348 seconds
evaluations: 3020768
time: 0.351918 seconds
