hostname : sth-c4.uncc.edu
bounding: [-39;77]x[-159;148]x[0;5950]
read 31478 observations
res: 0.2 0.2 1 bw: 2 2 21
voxsize: 581x1536x5951 size:20258.9707MB
voxBW: 10 21
decomposition time: 0.002798 seconds
max load: 31478 avgloadperbox: 31478 avgloadpercore: 31478 total load: 31478
Initialization time: 5.570231
mem: 27
compute: 2.202249 seconds
evaluations: 0
time: 7.775542 seconds
