hostname : sth-c17.uncc.edu
bounding: [-39;77]x[-159;148]x[0;5950]
read 31478 observations
res: 0.2 0.2 1 bw: 1 1 7
voxsize: 581x1536x5951 size:20258.9707MB
voxBW: 5 7
Initialization time: 2.674972
intersect: 44066
decomposition time: 0.007242 seconds
max load: 1911 avgloadperbox: 7.68505859 avgloadpercore: 15739
compute: 0.085797 seconds
evaluations: 57596297
time: 2.768250 seconds
