bounding: [-39;77]x[-159;148]x[0;5950]
read 31478 observations
res: 0.2 0.2 1 bw: 1 1 7
voxsize: 581x1536x5951 size:20258.9707MB
voxBW: 5 7
Initialization time: 2.550871
decomposition time: 0.008582 seconds
max load: 868 avgloadperbox: 0.120079041 avgloadpercore: 7869.5 total load: 31478
compute: 0.053439 seconds
evaluations: 44064960
time: 2.616156 seconds
