bounding: [-180;180]x[7;72]x[5875;5958]
read 588189 observations
res: 0.5 0.5 1 bw: 1 1 3
voxsize: 721x131x84 size:30.2653656MB
voxBW: 2 3
Initialization time: 0.003291
adding -96.683671,32.7008104,5876 to -135;-90 31.375;39.5 5875;5885.375
intersect: 1159929
decomposition time: 0.085427 seconds
max load: 63783 avgloadperbox: 1148.80664 avgloadpercore: 147047.25
compute: 0.062011 seconds
evaluations: 56109284
time: 0.153095 seconds
