hostname : sth-c4.uncc.edu
bounding: [-180;180]x[7;72]x[5875;5958]
read 588189 observations
res: 0.1 0.1 1 bw: 5 5 14
voxsize: 3601x651x84 size:751.179062MB
voxBW: 50 14
Initialization time: 0.137939
intersect: 588189
decomposition time: 0.024384 seconds
max load: 588189 avgloadperbox: 588189 avgloadpercore: 147047.25
compute: 375.946670 seconds
evaluations: 157284155464
time: 376.109477 seconds
