hostname : sth-c6.uncc.edu
bounding: [-130;-65]x[20;50]x[5875;5958]
read 588189 observations
res: 0.5 0.5 1 bw: 1 1 3
voxsize: 131x61x84 size:2.56059265MB
voxBW: 2 3
Initialization time: 0.000857
intersect: 1058145
decomposition time: 0.056594 seconds
max load: 79696 avgloadperbox: 9190.45312 avgloadpercore: 147047.25
compute: 0.093501 seconds
evaluations: 107786261
time: 0.152834 seconds
