hostname : sth-c14.uncc.edu
bounding: [-130;-65]x[20;50]x[5875;5958]
read 588189 observations
res: 0.1 0.1 1 bw: 5 5 14
voxsize: 651x301x84 size:62.7894745MB
voxBW: 50 14
Initialization time: 0.006621
intersect: 3008108211
decomposition time: 515.172127 seconds
max load: 93536 avgloadperbox: 2.24376297 avgloadpercore: 36761.8125
compute: 145.307278 seconds
evaluations: 165338815145
time: 661.344248 seconds
