bounding: [-180;180]x[7;72]x[5875;5958]
read 588189 observations
res: 0.5 0.5 1 bw: 1 1 3
voxsize: 721x131x84 size:30.2653656MB
voxBW: 2 3
Initialization time: 0.003623
decomposition time: 0.022392 seconds
max load: 588189 avgloadperbox: 588189 avgloadpercore: 73523.625 total load: 588189
compute: 0.170743 seconds
evaluations: 56181680
time: 0.197378 seconds
