hostname : sth-c22.uncc.edu
bounding: [-180;180]x[7;72]x[5875;5958]
read 588189 observations
res: 0.1 0.1 1 bw: 2.5 2.5 7
voxsize: 3601x651x84 size:751.179062MB
voxBW: 25 7
Initialization time: 0.127676
intersect: 1069226
decomposition time: 0.198798 seconds
max load: 269045 avgloadperbox: 9190.45312 avgloadpercore: 36761.8125
compute: 13.911109 seconds
evaluations: 20186718350
time: 14.238832 seconds
