hostname : sth-c22.uncc.edu
bounding: [-180;180]x[7;72]x[5875;5958]
read 588189 observations
res: 0.1 0.1 1 bw: 2.5 2.5 7
voxsize: 3601x651x84 size:751.179062MB
voxBW: 25 7
Initialization time: 0.188804
intersect: 1381208
decomposition time: 0.171157 seconds
max load: 187598 avgloadperbox: 9190.45312 avgloadpercore: 147047.25
compute: 17.149816 seconds
evaluations: 20188310100
time: 17.516217 seconds
