bounding: [-180;180]x[7;72]x[5875;5958]
read 588189 observations
res: 0.1 0.1 1 bw: 1 1 3
voxsize: 3601x651x84 size:751.179062MB
voxBW: 10 3
Initialization time: 0.166423
adding -96.683671,32.7008104,5876 to -180;-90 23.25;39.5 5875;5885.375
intersect: 1091721
decomposition time: 0.061632 seconds
max load: 81294 avgloadperbox: 4595.22656 avgloadpercore: 588189
compute: 5.797934 seconds
evaluations: 1404540920
time: 6.027595 seconds
