hostname : sth-c6.uncc.edu
bounding: [-130;-65]x[20;50]x[5875;5958]
read 588189 observations
res: 0.5 0.5 1 bw: 1 1 3
voxsize: 131x61x84 size:2.561MB
voxBW: 2 3
Initialization time: 0.001085
compute: 0.156907 seconds
reduce: 0.000690 seconds
evaluations: 101443144
time: 0.159136 seconds
