hostname : sth-c14.uncc.edu
bounding: [-180;180]x[7;72]x[5875;5958]
read 588189 observations
res: 0.5 0.5 1 bw: 1 1 3
voxsize: 721x131x84 size:30.2653656MB
voxBW: 2 3
Initialization time: 0.012391
intersect: 701442
decomposition time: 0.112481 seconds
max load: 214737 avgloadperbox: 36761.8125 avgloadpercore: 588189
compute: 0.516036 seconds
evaluations: 56178464
time: 0.644278 seconds
