bounding: [-180;180]x[7;72]x[5875;5958]
read 588189 observations
res: 0.5 0.5 1 bw: 1 1 3
voxsize: 721x131x84 size:30.2653656MB
voxBW: 2 3
Initialization time: 0.004549
adding -96.683671,32.7008104,5876 to -180;180 7;72 5875;5958
intersect: 588189
decomposition time: 0.024348 seconds
max load: 588189 avgloadperbox: 588189 avgloadpercore: 294094.5
compute: 0.169947 seconds
evaluations: 56181680
time: 0.199427 seconds
