bounding: [-180;180]x[7;72]x[5875;5958]
read 588189 observations
res: 0.1 0.1 1 bw: 1 1 3
voxsize: 3601x651x84 size:751.179062MB
voxBW: 10 3
Initialization time: 0.099462
decomposition time: 0.023023 seconds
max load: 588189 avgloadperbox: 588189 avgloadpercore: 294094.5 total load: 588189
compute: 4.291279 seconds
evaluations: 1404541280
time: 4.414697 seconds
