bounding: [-180;180]x[7;72]x[5875;5958]
read 588189 observations
res: 0.1 0.1 1 bw: 2.5 2.5 7
voxsize: 3601x651x84 size:751.179062MB
voxBW: 25 7
Initialization time: 0.166569
adding -96.683671,32.7008104,5876 to -180;-90 23.25;39.5 5875;5895.75
intersect: 1381208
decomposition time: 0.065212 seconds
max load: 187598 avgloadperbox: 9190.45312 avgloadpercore: 588189
compute: 65.256251 seconds
evaluations: 20188310100
time: 65.491094 seconds
