bounding: [-180;180]x[7;72]x[5875;5958]
read 588189 observations
res: 0.1 0.1 1 bw: 2.5 2.5 7
decomposition should allow blocks larger than bandwidth. Adjusting decomposition to 32x12x5
voxsize: 3601x651x84 size:751.179062MB
voxBW: 25 7
decomposition time: 0.060408 seconds
max load: 25749 avgloadperbox: 306.348437 avgloadpercore: 294094.5 total load: 588189
Initialization time: 0.227422
mem: 3332
compute: 78.413993 seconds
evaluations: 0
time: 78.708611 seconds
