hostname : sth-c20.uncc.edu
bounding: [-180;180]x[7;72]x[5875;5958]
read 588189 observations
res: 0.1 0.1 1 bw: 1 1 3
voxsize: 3601x651x84 size:751.179062MB
voxBW: 10 3
decomposition time: 0.021015 seconds
max load: 85119 avgloadperbox: 9190.45312 avgloadpercore: 73523.625 total load: 588189
Initialization time: 0.069953
mem: 216
compute: 3.215893 seconds
evaluations: 0
time: 3.307502 seconds
