hostname : sth-c22.uncc.edu
bounding: [-180;180]x[7;72]x[5875;5958]
read 588189 observations
res: 0.1 0.1 1 bw: 2.5 2.5 7
voxsize: 3601x651x84 size:751.179062MB
voxBW: 25 7
Initialization time: 0.189901
intersect: 1523198
decomposition time: 0.174044 seconds
max load: 288682 avgloadperbox: 18380.9062 avgloadpercore: 147047.25
compute: 17.598293 seconds
evaluations: 20186718350
time: 17.967487 seconds
