hostname : sth-c9.uncc.edu
bounding: [-180;180]x[7;72]x[5875;5958]
read 588189 observations
res: 0.1 0.1 1 bw: 1 1 3
voxsize: 3601x651x84 size:751.179062MB
voxBW: 10 3
Initialization time: 0.127471
intersect: 1091817
decomposition time: 0.194928 seconds
max load: 81263 avgloadperbox: 2297.61328 avgloadpercore: 36761.8125
compute: 1.208604 seconds
evaluations: 1404540920
time: 1.533517 seconds
