bounding: [-180;180]x[7;72]x[5875;5958]
read 588189 observations
res: 0.1 0.1 1 bw: 2.5 2.5 7
voxsize: 3601x651x84 size:751.179062MB
voxBW: 25 7
Initialization time: 0.073493
adding -96.683671,32.7008104,5876 to -135;-90 23.25;39.5 5875;5958
intersect: 890958
decomposition time: 0.056634 seconds
max load: 301688 avgloadperbox: 18380.9062 avgloadpercore: 147047.25
compute: 19.399930 seconds
evaluations: 20188310100
time: 19.530863 seconds
