hostname : sth-c19.uncc.edu
bounding: [-180;180]x[7;72]x[5875;5958]
read 588189 observations
res: 0.5 0.5 1 bw: 1 1 3
voxsize: 721x131x84 size:30.27MB
voxBW: 2 3
Initialization time: 0.007316
compute: 0.258431 seconds
evaluations: 102239535
time: 0.265824 seconds
