hostname : sth-c4.uncc.edu
bounding: [-180;180]x[7;72]x[5875;5958]
read 588189 observations
res: 0.1 0.1 1 bw: 5 5 14
voxsize: 3601x651x84 size:751.179062MB
voxBW: 50 14
Initialization time: 0.140976
intersect: 1274465
decomposition time: 0.057039 seconds
max load: 537300 avgloadperbox: 73523.625 avgloadpercore: 294094.5
compute: 180.551255 seconds
evaluations: 157281845164
time: 180.749868 seconds
