hostname : sth-c4.uncc.edu
bounding: [-180;180]x[7;72]x[5875;5958]
read 588189 observations
res: 0.1 0.1 1 bw: 5 5 14
voxsize: 3601x651x84 size:751.179062MB
voxBW: 50 14
Initialization time: 0.128213
intersect: 699397
decomposition time: 0.040456 seconds
max load: 372367 avgloadperbox: 147047.25 avgloadpercore: 36761.8125
compute: 210.492553 seconds
evaluations: 157284155464
time: 210.663501 seconds
