hostname : sth-c14.uncc.edu
bounding: [-180;180]x[7;72]x[5875;5958]
read 588189 observations
res: 0.5 0.5 1 bw: 1 1 3
voxsize: 721x131x84 size:30.2653656MB
voxBW: 2 3
Initialization time: 0.006942
intersect: 928573
decomposition time: 0.170162 seconds
max load: 95408 avgloadperbox: 4595.22656 avgloadpercore: 36761.8125
compute: 0.072850 seconds
evaluations: 56109284
time: 0.253401 seconds
