hostname : sth-c22.uncc.edu
bounding: [-180;180]x[7;72]x[5875;5958]
read 588189 observations
res: 0.1 0.1 1 bw: 2.5 2.5 7
voxsize: 3601x651x84 size:751.179062MB
voxBW: 25 7
Initialization time: 0.189288
intersect: 998629
decomposition time: 0.117752 seconds
max load: 217940 avgloadperbox: 36761.8125 avgloadpercore: 147047.25
compute: 20.490264 seconds
evaluations: 20189433200
time: 20.799131 seconds
