hostname : sth-c22.uncc.edu
bounding: [-180;180]x[7;72]x[5875;5958]
read 588189 observations
res: 0.1 0.1 1 bw: 2.5 2.5 7
voxsize: 3601x651x84 size:751.179062MB
voxBW: 25 7
Initialization time: 0.219027
intersect: 2189893
decomposition time: 0.238167 seconds
max load: 222847 avgloadperbox: 9190.45312 avgloadpercore: 294094.5
compute: 35.310008 seconds
evaluations: 20186718350
time: 35.770675 seconds
