hostname : sth-c22.uncc.edu
bounding: [-180;180]x[7;72]x[5875;5958]
read 588189 observations
res: 0.1 0.1 1 bw: 2.5 2.5 7
voxsize: 3601x651x84 size:751.179062MB
voxBW: 25 7
Initialization time: 0.211870
intersect: 641331
decomposition time: 0.035230 seconds
max load: 353043 avgloadperbox: 147047.25 avgloadpercore: 588189
compute: 51.863214 seconds
evaluations: 20189433200
time: 52.110643 seconds
