bounding: [-180;180]x[7;72]x[5875;5958]
read 588189 observations
res: 0.5 0.5 1 bw: 1 1 3
voxsize: 721x131x84 size:30.2653656MB
voxBW: 2 3
Initialization time: 0.003581
decomposition time: 0.021662 seconds
max load: 17744 avgloadperbox: 143.60083 avgloadpercore: 147047.25 total load: 588189
mem: 5832
compute: 0.044941 seconds
evaluations: 0
time: 0.070583 seconds
