hostname : sth-c14.uncc.edu
bounding: [-180;180]x[7;72]x[5875;5958]
read 588189 observations
res: 0.5 0.5 1 bw: 1 1 3
voxsize: 721x131x84 size:30.2653656MB
voxBW: 2 3
Initialization time: 0.012180
intersect: 679567
decomposition time: 0.082658 seconds
max load: 410744 avgloadperbox: 147047.25 avgloadpercore: 588189
compute: 0.512723 seconds
evaluations: 56178464
time: 0.609826 seconds
