hostname : sth-c9.uncc.edu
bounding: [-180;180]x[7;72]x[5875;5958]
read 588189 observations
res: 0.1 0.1 1 bw: 1 1 3
voxsize: 3601x651x84 size:751.179062MB
voxBW: 10 3
Initialization time: 0.128596
intersect: 944207
decomposition time: 0.151065 seconds
max load: 114071 avgloadperbox: 9190.45312 avgloadpercore: 36761.8125
compute: 1.601508 seconds
evaluations: 1404541280
time: 1.883507 seconds
