bounding: [-180;180]x[7;72]x[5875;5958]
read 588189 observations
res: 0.5 0.5 1 bw: 1 1 3
decomposition should allow blocks larger than bandwidth. Adjusting decomposition to 64x64x27
voxsize: 721x131x84 size:30.2653656MB
voxBW: 2 3
Initialization time: 0.006756
decomposition time: 0.031172 seconds
max load: 2823 avgloadperbox: 5.31854926 avgloadpercore: 588189 total load: 588189
mem: 126324
compute: 0.219092 seconds
evaluations: 0
time: 0.259405 seconds
