hostname : sth-c22.uncc.edu
bounding: [-180;180]x[7;72]x[5875;5958]
read 588189 observations
res: 0.1 0.1 1 bw: 2.5 2.5 7
voxsize: 3601x651x84 size:751.2MB
voxBW: 25 7
Initialization time: 0.289720
compute: 9.550521 seconds
reduce: 0.289009 seconds
evaluations: 20189433200
time: 10.146182 seconds
