bounding: [-180;180]x[7;72]x[5875;5958]
read 588189 observations
res: 0.1 0.1 1 bw: 2.5 2.5 7
voxsize: 3601x651x84 size:751.2MB
voxBW: 25 7
Initialization time: 0.223827
compute: 8.854145 seconds
reduce: 0.314696 seconds
evaluations: 20189433200
time: 9.408679 seconds
