hostname : sth-c9.uncc.edu
bounding: [-180;180]x[7;72]x[5875;5958]
read 588189 observations
res: 0.1 0.1 1 bw: 1 1 3
voxsize: 3601x651x84 size:751.179062MB
voxBW: 10 3
Initialization time: 0.352277
intersect: 1159832
decomposition time: 0.207628 seconds
max load: 63788 avgloadperbox: 2297.61328 avgloadpercore: 588189
compute: 6.286776 seconds
evaluations: 1404465920
time: 6.848780 seconds
