bounding: [-180;180]x[7;72]x[5875;5958]
read 588189 observations
res: 0.5 0.5 1 bw: 1 1 3
decomposition should allow blocks larger than bandwidth. Adjusting decomposition to 64x32x13
voxsize: 721x131x84 size:30.2653656MB
voxBW: 2 3
decomposition time: 0.068387 seconds
max load: 8312 avgloadperbox: 22.0924354 avgloadpercore: 147047.25 total load: 588189
Initialization time: 0.008226
mem: 33660
compute: 0.096536 seconds
evaluations: 0
time: 0.239454 seconds
