hostname : sth-c15.uncc.edu
bounding: [-130;-65]x[20;50]x[5875;5958]
read 588189 observations
res: 0.01 0.01 1 bw: 1 1 3
voxsize: 6501x3001x84 size:6251.51857MB
voxBW: 100 3
Initialization time: 0.824335
intersect: 11894912
decomposition time: 1.111593 seconds
max load: 11342 avgloadperbox: 17.9501038 avgloadpercore: 294094.5
compute: 553.153102 seconds
evaluations: 164434287479
time: 555.098263 seconds
