hostname : sth-c9.uncc.edu
bounding: [-180;180]x[7;72]x[5875;5958]
read 588189 observations
res: 0.1 0.1 1 bw: 1 1 3
voxsize: 3601x651x84 size:751.179062MB
voxBW: 10 3
Initialization time: 0.173721
intersect: 701502
decomposition time: 0.142032 seconds
max load: 214711 avgloadperbox: 18380.9062 avgloadpercore: 147047.25
compute: 2.348516 seconds
evaluations: 1404540920
time: 2.666238 seconds
