bounding: [-180;180]x[7;72]x[5875;5958]
read 588189 observations
res: 0.5 0.5 1 bw: 1 1 3
voxsize: 721x131x84 size:30.2653656MB
voxBW: 2 3
Initialization time: 0.004333
decomposition time: 0.021536 seconds
max load: 17744 avgloadperbox: 143.60083 avgloadpercore: 294094.5 total load: 588189
mem: 5832
compute: 0.085852 seconds
evaluations: 0
time: 0.112083 seconds
