hostname : sth-c9.uncc.edu
bounding: [-180;180]x[7;72]x[5875;5958]
read 588189 observations
res: 0.1 0.1 1 bw: 1 1 3
voxsize: 3601x651x84 size:751.179062MB
voxBW: 10 3
Initialization time: 0.352482
intersect: 744793
decomposition time: 0.147530 seconds
max load: 201285 avgloadperbox: 18380.9062 avgloadpercore: 588189
compute: 4.680414 seconds
evaluations: 1404465920
time: 5.181653 seconds
