hostname : sth-c18.uncc.edu
bounding: [-180;180]x[7;72]x[5875;5958]
read 588189 observations
res: 0.5 0.5 1 bw: 1 1 3
voxsize: 721x131x84 size:30.2653656MB
voxBW: 2 3
Initialization time: 0.006708
intersect: 1159929
decomposition time: 0.047195 seconds
max load: 63783 avgloadperbox: 1148.80664 avgloadpercore: 588189
compute: 0.383991 seconds
evaluations: 105935786
time: 0.439574 seconds
