bounding: [-180;180]x[7;72]x[5875;5958]
read 588189 observations
res: 0.1 0.1 1 bw: 2.5 2.5 7
voxsize: 3601x651x84 size:751.179062MB
voxBW: 25 7
Initialization time: 0.070715
adding -96.683671,32.7008104,5876 to -135;-90 23.25;39.5 5875;5958
intersect: 890958
decomposition time: 0.057367 seconds
max load: 301688 avgloadperbox: 18380.9062 avgloadpercore: 73523.625
compute: 16.822327 seconds
evaluations: 20188310100
time: 16.952157 seconds
