bounding: [-180;180]x[7;72]x[5875;5958]
read 588189 observations
res: 0.1 0.1 1 bw: 2.5 2.5 7
voxsize: 3601x651x84 size:751.179062MB
voxBW: 25 7
Initialization time: 0.100074
adding -96.683671,32.7008104,5876 to -135;-90 23.25;39.5 5875;5885.375
intersect: 1989955
decomposition time: 0.098442 seconds
max load: 142750 avgloadperbox: 2297.61328 avgloadpercore: 294094.5
compute: 39.916873 seconds
evaluations: 20188310100
time: 40.116998 seconds
