hostname : sth-c20.uncc.edu
bounding: [-180;180]x[7;72]x[5875;5958]
read 588189 observations
res: 0.1 0.1 1 bw: 1 1 3
voxsize: 3601x651x84 size:751.179062MB
voxBW: 10 3
Initialization time: 0.100265
intersect: 13421548
decomposition time: 1.476640 seconds
max load: 15246 avgloadperbox: 2.24376297 avgloadpercore: 294094.5
compute: 10.041596 seconds
evaluations: 1818142906
time: 11.649661 seconds
