hostname : sth-c19.uncc.edu
bounding: [-130;-65]x[20;50]x[5875;5958]
read 588189 observations
res: 0.01 0.01 1 bw: 1 1 3
voxsize: 6501x3001x84 size:6251.51857MB
voxBW: 100 3
decomposition time: 0.020874 seconds
max load: 50729 avgloadperbox: 9190.45312 avgloadpercore: 294094.5 total load: 588189
Initialization time: 0.832687
mem: 216
compute: 347.028348 seconds
evaluations: 0
time: 347.882644 seconds
