bounding: [-180;180]x[7;72]x[5875;5958]
read 588189 observations
res: 0.1 0.1 1 bw: 5 5 14
voxsize: 3601x651x84 size:751.179062MB
voxBW: 50 14
Initialization time: 0.071380
intersect: 1274465
decomposition time: 0.057504 seconds
max load: 537300 avgloadperbox: 73523.625 avgloadpercore: 73523.625
compute: 166.256794 seconds
evaluations: 157281845164
time: 166.386303 seconds
