bounding: [-180;180]x[7;72]x[5875;5958]
read 588189 observations
res: 0.1 0.1 1 bw: 5 5 14
voxsize: 3601x651x84 size:751.179062MB
voxBW: 50 14
Initialization time: 0.073876
intersect: 1146154
decomposition time: 0.063298 seconds
max load: 361611 avgloadperbox: 18380.9062 avgloadpercore: 147047.25
compute: 121.898123 seconds
evaluations: 157282719664
time: 122.035834 seconds
