bounding: [-180;180]x[7;72]x[5875;5958]
read 588189 observations
res: 0.1 0.1 1 bw: 1 1 3
voxsize: 3601x651x84 size:751.179062MB
voxBW: 10 3
Initialization time: 0.166002
adding -96.683671,32.7008104,5876 to -180;-90 7;72 5875;5895.75
intersect: 756148
decomposition time: 0.037287 seconds
max load: 174146 avgloadperbox: 36761.8125 avgloadpercore: 588189
compute: 5.685766 seconds
evaluations: 1404541280
time: 5.890611 seconds
