hostname : sth-c4.uncc.edu
bounding: [-130;-65]x[20;50]x[5875;5958]
read 588189 observations
res: 0.5 0.5 1 bw: 1 1 3
voxsize: 131x61x84 size:2.56059265MB
voxBW: 2 3
Initialization time: 0.000850
intersect: 777535
decomposition time: 0.040124 seconds
max load: 201051 avgloadperbox: 73523.625 avgloadpercore: 147047.25
compute: 0.115146 seconds
evaluations: 105137840
time: 0.157591 seconds
