hostname : sth-c2.uncc.edu
bounding: [-180;180]x[7;72]x[5875;5958]
read 588189 observations
res: 0.1 0.1 1 bw: 5 5 14
voxsize: 3601x651x84 size:751.179062MB
voxBW: 50 14
Initialization time: 0.165044
intersect: 378205216
decomposition time: 39.584905 seconds
max load: 130919 avgloadperbox: 2.24376297 avgloadpercore: 588189
compute: 2024.318454 seconds
evaluations: 157262064759
time: 2064.167151 seconds
