hostname : sth-c14.uncc.edu
bounding: [-180;180]x[7;72]x[5875;5958]
read 588189 observations
res: 0.5 0.5 1 bw: 1 1 3
voxsize: 721x131x84 size:30.2653656MB
voxBW: 2 3
Initialization time: 0.007337
intersect: 944207
decomposition time: 0.152669 seconds
max load: 114071 avgloadperbox: 9190.45312 avgloadpercore: 36761.8125
compute: 0.089574 seconds
evaluations: 56181680
time: 0.253260 seconds
