hostname : sth-c1.uncc.edu
bounding: [-180;180]x[7;72]x[5875;5958]
read 588189 observations
res: 0.1 0.1 1 bw: 2.5 2.5 7
voxsize: 3601x651x84 size:751.179062MB
voxBW: 25 7
Initialization time: 0.073739
intersect: 17140295
decomposition time: 1.056439 seconds
max load: 46289 avgloadperbox: 17.9501038 avgloadpercore: 147047.25
compute: 41.228965 seconds
evaluations: 22657200708
time: 42.386719 seconds
