bounding: [-180;180]x[7;72]x[5875;5958]
read 588189 observations
res: 0.1 0.1 1 bw: 5 5 14
voxsize: 3601x651x84 size:751.179062MB
voxBW: 50 14
Initialization time: 0.071547
intersect: 1145932
decomposition time: 0.056665 seconds
max load: 361649 avgloadperbox: 36761.8125 avgloadpercore: 36761.8125
compute: 120.851986 seconds
evaluations: 157282719664
time: 120.982820 seconds
