hostname : sth-c20.uncc.edu
bounding: [-180;180]x[7;72]x[5875;5958]
read 588189 observations
res: 0.1 0.1 1 bw: 1 1 3
voxsize: 3601x651x84 size:751.2MB
voxBW: 10 3
Initialization time: 0.180894
compute: 5.759113 seconds
reduce: 0.225386 seconds
evaluations: 1803502722
time: 6.165720 seconds
