bounding: [-180;180]x[7;72]x[5875;5958]
read 588189 observations
res: 0.1 0.1 1 bw: 5 5 14
voxsize: 3601x651x84 size:751.179062MB
voxBW: 50 14
Initialization time: 0.073450
intersect: 4422599
decomposition time: 0.158789 seconds
max load: 359090 avgloadperbox: 9190.45312 avgloadpercore: 147047.25
compute: 132.153875 seconds
evaluations: 157281845164
time: 132.387615 seconds
