hostname : sth-c18.uncc.edu
bounding: [-180;180]x[7;72]x[5875;5958]
read 588189 observations
res: 0.5 0.5 1 bw: 1 1 3
voxsize: 721x131x84 size:30.2653656MB
voxBW: 2 3
Initialization time: 0.004527
intersect: 4247233
decomposition time: 0.183328 seconds
max load: 19773 avgloadperbox: 17.9501038 avgloadpercore: 294094.5
compute: 0.394106 seconds
evaluations: 104990920
time: 0.585210 seconds
