hostname : sth-c15.uncc.edu
bounding: [-130;-65]x[20;50]x[5875;5958]
read 588189 observations
res: 0.01 0.01 1 bw: 1 1 3
voxsize: 6501x3001x84 size:6251.51857MB
voxBW: 100 3
Initialization time: 0.828857
intersect: 1750753
decomposition time: 0.113769 seconds
max load: 36524 avgloadperbox: 1148.80664 avgloadpercore: 294094.5
compute: 348.219744 seconds
evaluations: 164439190435
time: 349.163465 seconds
