hostname : sth-c14.uncc.edu
bounding: [-180;180]x[7;72]x[5875;5958]
read 588189 observations
res: 0.5 0.5 1 bw: 1 1 3
voxsize: 721x131x84 size:30.2653656MB
voxBW: 2 3
Initialization time: 0.007036
intersect: 898768
decomposition time: 0.136204 seconds
max load: 174472 avgloadperbox: 18380.9062 avgloadpercore: 36761.8125
compute: 0.119075 seconds
evaluations: 56109284
time: 0.265762 seconds
