hostname : sth-c14.uncc.edu
bounding: [-180;180]x[7;72]x[5875;5958]
read 588189 observations
res: 0.5 0.5 1 bw: 1 1 3
voxsize: 721x131x84 size:30.27MB
voxBW: 2 3
Initialization time: 0.012315
compute: 0.302516 seconds
reduce: 0.021248 seconds
evaluations: 56181680
time: 0.337154 seconds
