hostname : sth-c7.uncc.edu
bounding: [-130;-65]x[20;50]x[5875;5958]
read 588189 observations
res: 0.1 0.1 1 bw: 1 1 3
voxsize: 651x301x84 size:62.79MB
voxBW: 10 3
Initialization time: 0.015463
compute: 7.684144 seconds
evaluations: 0
time: 7.699689 seconds
