hostname : sth-c1.uncc.edu
bounding: [-180;180]x[7;72]x[5875;5958]
read 588189 observations
res: 0.1 0.1 1 bw: 1 1 3
voxsize: 3601x651x84 size:751.179062MB
voxBW: 10 3
Initialization time: 0.099777
intersect: 1850087
decomposition time: 0.065214 seconds
max load: 46454 avgloadperbox: 143.60083 avgloadpercore: 294094.5
compute: 4.276733 seconds
evaluations: 1821586875
time: 4.444046 seconds
