hostname : sth-c2.uncc.edu
bounding: [-180;180]x[7;72]x[5875;5958]
read 588189 observations
res: 0.1 0.1 1 bw: 5 5 14
voxsize: 3601x651x84 size:751.2MB
voxBW: 50 14
Initialization time: 0.181770
compute: 434.999914 seconds
reduce: 0.225293 seconds
evaluations: 165700270408
time: 435.407248 seconds
