hostname : sth-c9.uncc.edu
bounding: [-180;180]x[7;72]x[5875;5958]
read 588189 observations
res: 0.1 0.1 1 bw: 1 1 3
voxsize: 3601x651x84 size:751.179062MB
voxBW: 10 3
Initialization time: 0.217151
intersect: 744854
decomposition time: 0.176181 seconds
max load: 201267 avgloadperbox: 9190.45312 avgloadpercore: 294094.5
compute: 3.253070 seconds
evaluations: 1404465920
time: 3.648998 seconds
