bounding: [-180;180]x[7;72]x[5875;5958]
read 588189 observations
res: 0.1 0.1 1 bw: 1 1 3
voxsize: 3601x651x84 size:751.179062MB
voxBW: 10 3
Initialization time: 0.071093
adding -96.683671,32.7008104,5876 to -180;-90 31.375;39.5 5875;5895.75
intersect: 928573
decomposition time: 0.062145 seconds
max load: 95408 avgloadperbox: 4595.22656 avgloadpercore: 73523.625
compute: 0.877547 seconds
evaluations: 1404465920
time: 1.012477 seconds
