hostname : sth-c4.uncc.edu
bounding: [-180;180]x[7;72]x[5875;5958]
read 588189 observations
res: 0.1 0.1 1 bw: 5 5 14
voxsize: 3601x651x84 size:751.179062MB
voxBW: 50 14
Initialization time: 0.137308
intersect: 2753449
decomposition time: 0.114704 seconds
max load: 417562 avgloadperbox: 18380.9062 avgloadpercore: 147047.25
compute: 129.362019 seconds
evaluations: 157281845164
time: 129.614978 seconds
