bounding: [-180;180]x[7;72]x[5875;5958]
read 588189 observations
res: 0.5 0.5 1 bw: 1 1 3
voxsize: 721x131x84 size:30.2653656MB
voxBW: 2 3
Initialization time: 0.003289
adding -96.683671,32.7008104,5876 to -180;-90 31.375;39.5 5875;5885.375
intersect: 1159832
decomposition time: 0.076309 seconds
max load: 63788 avgloadperbox: 2297.61328 avgloadpercore: 147047.25
compute: 0.070111 seconds
evaluations: 56109284
time: 0.151847 seconds
