hostname : sth-c16.uncc.edu
bounding: [-130;-65]x[20;50]x[5875;5958]
read 588189 observations
res: 0.01 0.01 1 bw: 0.5 0.5 3
voxsize: 6501x3001x84 size:6251.51857MB
voxBW: 50 3
decomposition time: 0.022583 seconds
max load: 17350 avgloadperbox: 1148.80664 avgloadpercore: 294094.5 total load: 588189
Initialization time: 0.828912
mem: 1000
compute: 69.750145 seconds
evaluations: 0
time: 70.602028 seconds
