bounding: [-180;180]x[7;72]x[5875;5958]
read 588189 observations
res: 0.1 0.1 1 bw: 2.5 2.5 7
voxsize: 3601x651x84 size:751.179062MB
voxBW: 25 7
Initialization time: 0.099962
adding -96.683671,32.7008104,5876 to -135;-90 7;72 5875;5885.375
intersect: 1435993
decomposition time: 0.068232 seconds
max load: 164504 avgloadperbox: 9190.45312 avgloadpercore: 294094.5
compute: 40.267654 seconds
evaluations: 20189433200
time: 40.437156 seconds
