hostname : sth-c9.uncc.edu
bounding: [-180;180]x[7;72]x[5875;5958]
read 588189 observations
res: 0.1 0.1 1 bw: 1 1 3
voxsize: 3601x651x84 size:751.179062MB
voxBW: 10 3
Initialization time: 0.133089
intersect: 720821
decomposition time: 0.119705 seconds
max load: 330392 avgloadperbox: 73523.625 avgloadpercore: 147047.25
compute: 2.836160 seconds
evaluations: 1404465920
time: 3.090584 seconds
