hostname : sth-c15.uncc.edu
bounding: [-130;-65]x[20;50]x[5875;5958]
read 588189 observations
res: 0.01 0.01 1 bw: 1 1 3
voxsize: 6501x3001x84 size:6251.51857MB
voxBW: 100 3
Initialization time: 0.604361
intersect: 583614
decomposition time: 0.021460 seconds
max load: 583614 avgloadperbox: 588189 avgloadpercore: 147047.25
compute: 765.070958 seconds
evaluations: 163934121444
time: 765.697287 seconds
