hostname : sth-c22.uncc.edu
bounding: [-180;180]x[7;72]x[5875;5958]
read 588189 observations
res: 0.1 0.1 1 bw: 2.5 2.5 7
voxsize: 3601x651x84 size:751.179062MB
voxBW: 25 7
Initialization time: 0.155651
intersect: 1435993
decomposition time: 0.178920 seconds
max load: 164504 avgloadperbox: 9190.45312 avgloadpercore: 73523.625
compute: 12.531744 seconds
evaluations: 20189433200
time: 12.869896 seconds
