hostname : sth-c11.uncc.edu
bounding: [-180;180]x[7;72]x[5875;5958]
read 588189 observations
res: 0.1 0.1 1 bw: 5 5 14
voxsize: 3601x651x84 size:751.2MB
voxBW: 50 14
Initialization time: 0.185683
evaluations: 0
time: 2142.026196 seconds
