hostname : sth-c4.uncc.edu
bounding: [-180;180]x[7;72]x[5875;5958]
read 588189 observations
res: 0.1 0.1 1 bw: 5 5 14
voxsize: 3601x651x84 size:751.179062MB
voxBW: 50 14
Initialization time: 0.174279
intersect: 2753449
decomposition time: 0.096717 seconds
max load: 417562 avgloadperbox: 18380.9062 avgloadpercore: 588189
compute: 425.777294 seconds
evaluations: 157281845164
time: 426.051099 seconds
