hostname : sth-c15.uncc.edu
bounding: [-130;-65]x[20;50]x[5875;5958]
read 588189 observations
res: 0.01 0.01 1 bw: 1 1 3
voxsize: 6501x3001x84 size:6251.51857MB
voxBW: 100 3
Initialization time: 0.826795
intersect: 50673451
decomposition time: 4.232899 seconds
max load: 9578 avgloadperbox: 2.24376297 avgloadpercore: 294094.5
compute: 889.650399 seconds
evaluations: 164428313243
time: 894.800606 seconds
