hostname : sth-c4.uncc.edu
bounding: [-180;180]x[7;72]x[5875;5958]
read 588189 observations
res: 0.1 0.1 1 bw: 5 5 14
voxsize: 3601x651x84 size:751.179062MB
voxBW: 50 14
Initialization time: 0.173869
intersect: 699523
decomposition time: 0.041121 seconds
max load: 372264 avgloadperbox: 73523.625 avgloadpercore: 588189
compute: 367.855925 seconds
evaluations: 157284155464
time: 368.071164 seconds
