hostname : sth-c20.uncc.edu
bounding: [-180;180]x[7;72]x[5875;5958]
read 588189 observations
res: 0.1 0.1 1 bw: 1 1 3
voxsize: 3601x651x84 size:751.179062MB
voxBW: 10 3
Initialization time: 0.071873
intersect: 758592
decomposition time: 0.032680 seconds
max load: 283672 avgloadperbox: 73523.625 avgloadpercore: 36761.8125
compute: 2.070731 seconds
evaluations: 1816825605
time: 2.176980 seconds
