hostname : sth-c6.uncc.edu
bounding: [-130;-65]x[20;50]x[5875;5958]
read 588189 observations
res: 0.5 0.5 1 bw: 1 1 3
voxsize: 131x61x84 size:2.56059265MB
voxBW: 2 3
decomposition time: 0.021270 seconds
max load: 174718 avgloadperbox: 73523.625 avgloadpercore: 588189 total load: 588189
Initialization time: 0.000963
mem: 64
compute: 0.259198 seconds
evaluations: 0
time: 0.281528 seconds
