bounding: [-180;180]x[7;72]x[5875;5958]
read 588189 observations
res: 0.1 0.1 1 bw: 2.5 2.5 7
voxsize: 3601x651x84 size:751.179062MB
voxBW: 25 7
Initialization time: 0.072295
adding -96.683671,32.7008104,5876 to -180;-90 7;72 5875;5885.375
intersect: 1435804
decomposition time: 0.057564 seconds
max load: 164555 avgloadperbox: 18380.9062 avgloadpercore: 36761.8125
compute: 8.630031 seconds
evaluations: 20189433200
time: 8.763101 seconds
