bounding: [-180;180]x[7;72]x[5875;5958]
read 588189 observations
res: 0.1 0.1 1 bw: 1 1 3
voxsize: 3601x651x84 size:751.179062MB
voxBW: 10 3
Initialization time: 0.071503
adding -96.683671,32.7008104,5876 to -135;-90 7;72 5875;5958
intersect: 606051
decomposition time: 0.038950 seconds
max load: 344764 avgloadperbox: 73523.625 avgloadpercore: 36761.8125
compute: 2.413356 seconds
evaluations: 1404541280
time: 2.524041 seconds
