hostname : sth-c4.uncc.edu
bounding: [-180;180]x[7;72]x[5875;5958]
read 588189 observations
res: 0.1 0.1 1 bw: 5 5 14
voxsize: 3601x651x84 size:751.179062MB
voxBW: 50 14
Initialization time: 0.127972
intersect: 1518839
decomposition time: 0.088136 seconds
max load: 348891 avgloadperbox: 18380.9062 avgloadpercore: 36761.8125
compute: 91.140550 seconds
evaluations: 157281845164
time: 91.359643 seconds
