bounding: [-180;180]x[7;72]x[5875;5958]
read 588189 observations
res: 0.5 0.5 1 bw: 1 1 3
voxsize: 721x131x84 size:30.2653656MB
voxBW: 2 3
Initialization time: 0.003464
adding -96.683671,32.7008104,5876 to -180;180 31.375;39.5 5875;5885.375
intersect: 1122267
decomposition time: 0.062417 seconds
max load: 116975 avgloadperbox: 9190.45312 avgloadpercore: 73523.625
compute: 0.039415 seconds
evaluations: 56109284
time: 0.107268 seconds
