bounding: [-180;180]x[7;72]x[5875;5958]
read 588189 observations
res: 0.5 0.5 1 bw: 1 1 3
voxsize: 721x131x84 size:30.2653656MB
voxBW: 2 3
Initialization time: 0.006735
adding -96.683671,32.7008104,5876 to -135;-90 23.25;39.5 5875;5958
intersect: 701502
decomposition time: 0.051521 seconds
max load: 214711 avgloadperbox: 18380.9062 avgloadpercore: 588189
compute: 0.170418 seconds
evaluations: 56178464
time: 0.230217 seconds
