bounding: [-180;180]x[7;72]x[5875;5958]
read 588189 observations
res: 0.1 0.1 1 bw: 5 5 14
decomposition should allow blocks larger than bandwidth. Adjusting decomposition to 8x6x2
voxsize: 3601x651x84 size:751.179062MB
voxBW: 50 14
decomposition time: 0.019410 seconds
max load: 116116 avgloadperbox: 6126.96875 avgloadpercore: 588189 total load: 588189
Initialization time: 0.165650
mem: 320
compute: 367.018627 seconds
evaluations: 0
time: 367.205199 seconds
