hostname : sth-c2.uncc.edu
bounding: [-180;180]x[7;72]x[5875;5958]
read 588189 observations
res: 0.1 0.1 1 bw: 5 5 14
voxsize: 3601x651x84 size:751.179062MB
voxBW: 50 14
Initialization time: 0.164658
intersect: 15505222
decomposition time: 0.678133 seconds
max load: 182956 avgloadperbox: 143.60083 avgloadpercore: 588189
compute: 666.752301 seconds
evaluations: 157281795264
time: 667.598910 seconds
