hostname : sth-c22.uncc.edu
bounding: [-180;180]x[7;72]x[5875;5958]
read 588189 observations
res: 0.1 0.1 1 bw: 2.5 2.5 7
voxsize: 3601x651x84 size:751.179062MB
voxBW: 25 7
Initialization time: 0.221866
intersect: 1989955
decomposition time: 0.253327 seconds
max load: 142750 avgloadperbox: 2297.61328 avgloadpercore: 294094.5
compute: 35.395283 seconds
evaluations: 20188310100
time: 35.871970 seconds
