hostname : sth-c15.uncc.edu
bounding: [-130;-65]x[20;50]x[5875;5958]
read 588189 observations
res: 0.01 0.01 1 bw: 1 1 3
voxsize: 6501x3001x84 size:6252MB
voxBW: 100 3
Initialization time: 1.503924
compute: 1033.025722 seconds
reduce: 1.880909 seconds
evaluations: 163934121444
time: 1036.411265 seconds
