hostname : sth-c2.uncc.edu
bounding: [-180;180]x[7;72]x[5875;5958]
read 588189 observations
res: 0.1 0.1 1 bw: 5 5 14
voxsize: 3601x651x84 size:751.179062MB
voxBW: 50 14
Initialization time: 0.099159
intersect: 1395081
decomposition time: 0.043990 seconds
max load: 464193 avgloadperbox: 73523.625 avgloadpercore: 294094.5
compute: 235.157428 seconds
evaluations: 157284155464
time: 235.300843 seconds
