hostname : sth-c22.uncc.edu
bounding: [-180;180]x[7;72]x[5875;5958]
read 588189 observations
res: 0.1 0.1 1 bw: 2.5 2.5 7
voxsize: 3601x651x84 size:751.179062MB
voxBW: 25 7
Initialization time: 0.189540
intersect: 1989955
decomposition time: 0.254020 seconds
max load: 142750 avgloadperbox: 2297.61328 avgloadpercore: 147047.25
compute: 19.929287 seconds
evaluations: 20188310100
time: 20.377942 seconds
