hostname : sth-c7.uncc.edu
bounding: [-180;180]x[7;72]x[5875;5958]
read 588189 observations
res: 0.1 0.1 1 bw: 5 5 14
voxsize: 3601x651x84 size:751.179062MB
voxBW: 50 14
Initialization time: 0.072233
intersect: 71551314
decomposition time: 4.484591 seconds
max load: 151257 avgloadperbox: 17.9501038 avgloadpercore: 36761.8125
compute: 76.196811 seconds
evaluations: 167081395367
time: 80.767387 seconds
