bounding: [-180;180]x[7;72]x[5875;5958]
read 588189 observations
res: 0.1 0.1 1 bw: 5 5 14
voxsize: 3601x651x84 size:751.179062MB
voxBW: 50 14
Initialization time: 0.072458
adding -96.683671,32.7008104,5876 to -180;-90 7;72 5875;5895.75
intersect: 1509839
decomposition time: 0.056660 seconds
max load: 288720 avgloadperbox: 36761.8125 avgloadpercore: 147047.25
compute: 155.607980 seconds
evaluations: 157284155464
time: 155.740424 seconds
