hostname : sth-c9.uncc.edu
bounding: [-180;180]x[7;72]x[5875;5958]
read 588189 observations
res: 0.1 0.1 1 bw: 1 1 3
voxsize: 3601x651x84 size:751.179062MB
voxBW: 10 3
Initialization time: 0.191142
intersect: 873870
decomposition time: 0.136024 seconds
max load: 113769 avgloadperbox: 9190.45312 avgloadpercore: 147047.25
compute: 2.173384 seconds
evaluations: 1404540920
time: 2.502076 seconds
