bounding: [-180;180]x[7;72]x[5875;5958]
read 588189 observations
res: 0.1 0.1 1 bw: 2.5 2.5 7
voxsize: 3601x651x84 size:751.179062MB
voxBW: 25 7
Initialization time: 0.166108
decomposition time: 0.019405 seconds
max load: 85119 avgloadperbox: 9190.45312 avgloadpercore: 588189 total load: 588189
compute: 51.596910 seconds
evaluations: 20189433200
time: 51.783902 seconds
