bounding: [-180;180]x[7;72]x[5875;5958]
read 588189 observations
res: 0.1 0.1 1 bw: 5 5 14
voxsize: 3601x651x84 size:751.179062MB
voxBW: 50 14
Initialization time: 0.071341
intersect: 588189
decomposition time: 0.019881 seconds
max load: 588189 avgloadperbox: 588189 avgloadpercore: 73523.625
compute: 374.093044 seconds
evaluations: 157284155464
time: 374.184772 seconds
