bounding: [-180;180]x[7;72]x[5875;5958]
read 588189 observations
res: 0.1 0.1 1 bw: 5 5 14
voxsize: 3601x651x84 size:751.179062MB
voxBW: 50 14
Initialization time: 0.164799
adding -96.683671,32.7008104,5876 to -180;-90 7;72 5875;5958
intersect: 699397
decomposition time: 0.033654 seconds
max load: 372367 avgloadperbox: 147047.25 avgloadpercore: 588189
compute: 374.119461 seconds
evaluations: 157284155464
time: 374.318324 seconds
