bounding: [-180;180]x[7;72]x[5875;5958]
read 588189 observations
res: 0.1 0.1 1 bw: 5 5 14
voxsize: 3601x651x84 size:751.179062MB
voxBW: 50 14
Initialization time: 0.070526
adding -96.683671,32.7008104,5876 to -180;180 7;72 5875;5958
intersect: 588189
decomposition time: 0.022732 seconds
max load: 588189 avgloadperbox: 588189 avgloadpercore: 73523.625
compute: 391.978947 seconds
evaluations: 157284155464
time: 392.072942 seconds
