hostname : sth-c4.uncc.edu
bounding: [-180;180]x[7;72]x[5875;5958]
read 588189 observations
res: 0.1 0.1 1 bw: 5 5 14
voxsize: 3601x651x84 size:751.179062MB
voxBW: 50 14
Initialization time: 0.132618
intersect: 1510114
decomposition time: 0.074719 seconds
max load: 288632 avgloadperbox: 18380.9062 avgloadpercore: 73523.625
compute: 100.323414 seconds
evaluations: 157284155464
time: 100.531731 seconds
