bounding: [-180;180]x[7;72]x[5875;5958]
read 588189 observations
res: 0.1 0.1 1 bw: 1 1 3
voxsize: 3601x651x84 size:751.179062MB
voxBW: 10 3
Initialization time: 0.070858
adding -96.683671,32.7008104,5876 to -135;-90 23.25;39.5 5875;5958
intersect: 701502
decomposition time: 0.050641 seconds
max load: 214711 avgloadperbox: 18380.9062 avgloadpercore: 73523.625
compute: 1.412370 seconds
evaluations: 1404540920
time: 1.535856 seconds
