hostname : sth-c14.uncc.edu
bounding: [-130;-65]x[20;50]x[5875;5958]
read 588189 observations
res: 0.1 0.1 1 bw: 5 5 14
voxsize: 651x301x84 size:62.7894745MB
voxBW: 50 14
Initialization time: 0.006915
intersect: 78457114
decomposition time: 5.530362 seconds
max load: 128065 avgloadperbox: 143.60083 avgloadpercore: 73523.625
compute: 88.639729 seconds
evaluations: 165528910474
time: 94.185360 seconds
