bounding: [-180;180]x[7;72]x[5875;5958]
read 588189 observations
res: 0.1 0.1 1 bw: 1 1 3
voxsize: 3601x651x84 size:751.179062MB
voxBW: 10 3
Initialization time: 0.071611
adding -96.683671,32.7008104,5876 to -180;-90 23.25;39.5 5875;5895.75
intersect: 873870
decomposition time: 0.050068 seconds
max load: 113769 avgloadperbox: 9190.45312 avgloadpercore: 36761.8125
compute: 0.841158 seconds
evaluations: 1404540920
time: 0.964430 seconds
