hostname : sth-c15.uncc.edu
bounding: [-130;-65]x[20;50]x[5875;5958]
read 588189 observations
res: 0.01 0.01 1 bw: 1 1 3
voxsize: 6501x3001x84 size:6252MB
voxBW: 100 3
Initialization time: 1.504094
compute: 1002.669800 seconds
evaluations: 0
time: 1004.174021 seconds
