hostname : sth-c22.uncc.edu
bounding: [-180;180]x[7;72]x[5875;5958]
read 588189 observations
res: 0.1 0.1 1 bw: 2.5 2.5 7
voxsize: 3601x651x84 size:751.179062MB
voxBW: 25 7
Initialization time: 0.168605
intersect: 916117
decomposition time: 0.077555 seconds
max load: 368656 avgloadperbox: 147047.25 avgloadpercore: 73523.625
compute: 25.877918 seconds
evaluations: 20189433200
time: 26.124956 seconds
