hostname : sth-c1.uncc.edu
bounding: [-180;180]x[7;72]x[5875;5958]
read 588189 observations
res: 0.1 0.1 1 bw: 1 1 3
voxsize: 3601x651x84 size:751.179062MB
voxBW: 10 3
Initialization time: 0.070136
intersect: 1850120
decomposition time: 0.085435 seconds
max load: 46454 avgloadperbox: 143.60083 avgloadpercore: 73523.625
compute: 1.149379 seconds
evaluations: 1821586875
time: 1.306075 seconds
