bounding: [-180;180]x[7;72]x[5875;5958]
read 588189 observations
res: 0.5 0.5 1 bw: 1 1 3
voxsize: 721x131x84 size:30.2653656MB
voxBW: 2 3
Initialization time: 0.004453
adding -96.683671,32.7008104,5876 to -180;-90 23.25;39.5 5875;5885.375
intersect: 1091721
decomposition time: 0.062271 seconds
max load: 81294 avgloadperbox: 4595.22656 avgloadpercore: 294094.5
compute: 0.136109 seconds
evaluations: 56178464
time: 0.203931 seconds
