bounding: [-180;180]x[7;72]x[5875;5958]
read 588189 observations
res: 0.5 0.5 1 bw: 1 1 3
voxsize: 721x131x84 size:30.2653656MB
voxBW: 2 3
Initialization time: 0.003906
adding -96.683671,32.7008104,5876 to -135;-90 23.25;39.5 5875;5885.375
intersect: 1091817
decomposition time: 0.071637 seconds
max load: 81263 avgloadperbox: 2297.61328 avgloadpercore: 294094.5
compute: 0.135718 seconds
evaluations: 56178464
time: 0.211597 seconds
