hostname : sth-c1.uncc.edu
bounding: [-180;180]x[7;72]x[5875;5958]
read 588189 observations
res: 0.1 0.1 1 bw: 2.5 2.5 7
voxsize: 3601x651x84 size:751.179062MB
voxBW: 25 7
Initialization time: 0.071580
intersect: 76516880
decomposition time: 7.515558 seconds
max load: 37063 avgloadperbox: 2.24376297 avgloadpercore: 73523.625
compute: 37.777886 seconds
evaluations: 22645472511
time: 45.419392 seconds
