hostname : sth-c15.uncc.edu
bounding: [-130;-65]x[20;50]x[5875;5958]
read 588189 observations
res: 0.01 0.01 1 bw: 1 1 3
voxsize: 6501x3001x84 size:6251.51857MB
voxBW: 100 3
Initialization time: 1.381579
intersect: 50672436
decomposition time: 6.108136 seconds
max load: 9578 avgloadperbox: 2.24376297 avgloadpercore: 588189
compute: 1772.648306 seconds
evaluations: 164428313243
time: 1780.204614 seconds
