hostname : sth-c3.uncc.edu
bounding: [-130;-65]x[20;50]x[5875;5958]
read 588189 observations
res: 0.01 0.01 1 bw: 1 1 3
voxsize: 6501x3001x84 size:6251.51857MB
voxBW: 100 3
Initialization time: 0.582679
intersect: 777535
decomposition time: 0.040424 seconds
max load: 201051 avgloadperbox: 73523.625 avgloadpercore: 73523.625
compute: 232.488652 seconds
evaluations: 164081672636
time: 233.112715 seconds
