bounding: [-180;180]x[7;72]x[5875;5958]
read 588189 observations
res: 0.1 0.1 1 bw: 2.5 2.5 7
voxsize: 3601x651x84 size:751.179062MB
voxBW: 25 7
Initialization time: 0.166651
decomposition time: 0.021383 seconds
0,0,1 : 230706
max load: 230706 avgloadperbox: 73523.625 avgloadpercore: 588189 total load: 588189
mem: 64
compute: 51.678690 seconds
evaluations: 0
time: 51.868085 seconds
