hostname : sth-c7.uncc.edu
bounding: [-130;-65]x[20;50]x[5875;5958]
read 588189 observations
res: 0.1 0.1 1 bw: 1 1 3
voxsize: 651x301x84 size:62.7894745MB
voxBW: 10 3
Initialization time: 0.007074
intersect: 1058145
decomposition time: 0.057410 seconds
max load: 79696 avgloadperbox: 9190.45312 avgloadpercore: 36761.8125
compute: 0.679219 seconds
evaluations: 1817343261
time: 0.745826 seconds
