hostname : sth-c22.uncc.edu
bounding: [-180;180]x[7;72]x[5875;5958]
read 588189 observations
res: 0.1 0.1 1 bw: 2.5 2.5 7
voxsize: 3601x651x84 size:751.179062MB
voxBW: 25 7
Initialization time: 0.169027
intersect: 814925
decomposition time: 0.090877 seconds
max load: 503015 avgloadperbox: 147047.25 avgloadpercore: 73523.625
compute: 33.576751 seconds
evaluations: 20188310100
time: 33.836936 seconds
