hostname : sth-c19.uncc.edu
bounding: [-130;-65]x[20;50]x[5875;5958]
read 588189 observations
res: 0.01 0.01 1 bw: 1 1 3
voxsize: 6501x3001x84 size:6251.51857MB
voxBW: 100 3
decomposition time: 0.022271 seconds
max load: 17350 avgloadperbox: 1148.80664 avgloadpercore: 147047.25 total load: 588189
Initialization time: 0.604494
mem: 1000
compute: 162.550808 seconds
evaluations: 0
time: 163.178234 seconds
