bounding: [-180;180]x[7;72]x[5875;5958]
read 588189 observations
res: 0.5 0.5 1 bw: 1 1 3
voxsize: 721x131x84 size:30.2653656MB
voxBW: 2 3
Initialization time: 0.004558
adding -96.683671,32.7008104,5876 to -180;-90 31.375;39.5 5875;5885.375
intersect: 1159832
decomposition time: 0.076120 seconds
max load: 63788 avgloadperbox: 2297.61328 avgloadpercore: 294094.5
compute: 0.121343 seconds
evaluations: 56109284
time: 0.204797 seconds
