bounding: [-180;180]x[7;72]x[5875;5958]
read 588189 observations
res: 0.1 0.1 1 bw: 2.5 2.5 7
voxsize: 3601x651x84 size:751.179062MB
voxBW: 25 7
Initialization time: 0.073245
adding -96.683671,32.7008104,5876 to -135;-90 7;72 5875;5895.75
intersect: 998763
decomposition time: 0.052544 seconds
max load: 217868 avgloadperbox: 18380.9062 avgloadpercore: 147047.25
compute: 21.829756 seconds
evaluations: 20189433200
time: 21.956976 seconds
