hostname : sth-c14.uncc.edu
bounding: [-180;180]x[7;72]x[5875;5958]
read 588189 observations
res: 0.5 0.5 1 bw: 1 1 3
voxsize: 721x131x84 size:30.2653656MB
voxBW: 2 3
Initialization time: 0.008717
intersect: 744854
decomposition time: 0.175062 seconds
max load: 201267 avgloadperbox: 9190.45312 avgloadpercore: 147047.25
compute: 0.182607 seconds
evaluations: 56109284
time: 0.369533 seconds
