hostname : sth-c21.uncc.edu
bounding: [-180;180]x[7;72]x[5875;5958]
read 588189 observations
res: 0.1 0.1 1 bw: 1 1 3
voxsize: 3601x651x84 size:751.179062MB
voxBW: 10 3
Initialization time: 0.100036
intersect: 4247181
decomposition time: 0.385174 seconds
max load: 19773 avgloadperbox: 17.9501038 avgloadpercore: 294094.5
compute: 5.628674 seconds
evaluations: 1404161052
time: 6.121288 seconds
