bounding: [-180;180]x[7;72]x[5875;5958]
read 588189 observations
res: 0.1 0.1 1 bw: 1 1 3
voxsize: 3601x651x84 size:751.179062MB
voxBW: 10 3
Initialization time: 0.100149
decomposition time: 0.019705 seconds
max load: 85119 avgloadperbox: 9190.45312 avgloadpercore: 294094.5 total load: 588189
compute: 2.850989 seconds
evaluations: 1404541280
time: 2.972372 seconds
