bounding: [-180;180]x[7;72]x[5875;5958]
read 588189 observations
res: 0.1 0.1 1 bw: 1 1 3
voxsize: 3601x651x84 size:751.179062MB
voxBW: 10 3
Initialization time: 0.166801
decomposition time: 0.019594 seconds
max load: 37160 avgloadperbox: 1148.80664 avgloadpercore: 588189 total load: 588189
compute: 4.124936 seconds
evaluations: 1404541280
time: 4.313140 seconds
