bounding: [-180;180]x[7;72]x[5875;5958]
read 588189 observations
res: 0.1 0.1 1 bw: 2.5 2.5 7
voxsize: 3601x651x84 size:751.179062MB
voxBW: 25 7
Initialization time: 0.073268
adding -96.683671,32.7008104,5876 to -180;-90 23.25;39.5 5875;5958
intersect: 890842
decomposition time: 0.049232 seconds
max load: 301720 avgloadperbox: 36761.8125 avgloadpercore: 147047.25
compute: 16.877728 seconds
evaluations: 20188310100
time: 17.002884 seconds
