bounding: [-180;180]x[7;72]x[5875;5958]
read 588189 observations
res: 0.1 0.1 1 bw: 5 5 14
voxsize: 3601x651x84 size:751.179062MB
voxBW: 50 14
Initialization time: 0.099531
intersect: 1518839
decomposition time: 0.077061 seconds
max load: 348891 avgloadperbox: 18380.9062 avgloadpercore: 294094.5
compute: 187.501443 seconds
evaluations: 157281845164
time: 187.681020 seconds
