bounding: [-180;180]x[7;72]x[5875;5958]
read 588189 observations
res: 0.1 0.1 1 bw: 1 1 3
voxsize: 3601x651x84 size:751.179062MB
voxBW: 10 3
Initialization time: 0.071479
adding -96.683671,32.7008104,5876 to -180;180 7;72 5875;5885.375
intersect: 916218
decomposition time: 0.036211 seconds
max load: 204893 avgloadperbox: 73523.625 avgloadpercore: 36761.8125
compute: 1.580332 seconds
evaluations: 1404541280
time: 1.689751 seconds
