bounding: [-180;180]x[7;72]x[5875;5958]
read 588189 observations
res: 0.1 0.1 1 bw: 2.5 2.5 7
voxsize: 3601x651x84 size:751.179062MB
voxBW: 25 7
Initialization time: 0.165146
adding -96.683671,32.7008104,5876 to -180;180 23.25;39.5 5875;5885.375
intersect: 1819989
decomposition time: 0.069599 seconds
max load: 247188 avgloadperbox: 18380.9062 avgloadpercore: 588189
compute: 79.719092 seconds
evaluations: 20188310100
time: 79.954465 seconds
