bounding: [-180;180]x[7;72]x[5875;5958]
read 588189 observations
res: 0.1 0.1 1 bw: 5 5 14
voxsize: 3601x651x84 size:751.179062MB
voxBW: 50 14
Initialization time: 0.099787
intersect: 1146154
decomposition time: 0.064908 seconds
max load: 361611 avgloadperbox: 18380.9062 avgloadpercore: 294094.5
compute: 201.395536 seconds
evaluations: 157282719664
time: 201.560494 seconds
