bounding: [-180;180]x[7;72]x[5875;5958]
read 588189 observations
res: 0.1 0.1 1 bw: 2.5 2.5 7
decomposition should allow blocks larger than bandwidth. Adjusting decomposition to 64x12x5
voxsize: 3601x651x84 size:751.179062MB
voxBW: 25 7
decomposition time: 0.063657 seconds
max load: 18857 avgloadperbox: 153.174219 avgloadpercore: 73523.625 total load: 588189
Initialization time: 0.180608
mem: 6468
compute: 27.787656 seconds
evaluations: 0
time: 28.045396 seconds
