bounding: [-180;180]x[7;72]x[5875;5958]
read 588189 observations
res: 0.1 0.1 1 bw: 1 1 3
voxsize: 3601x651x84 size:751.179062MB
voxBW: 10 3
Initialization time: 0.099786
adding -96.683671,32.7008104,5876 to -135;-90 31.375;39.5 5875;5895.75
intersect: 928648
decomposition time: 0.071815 seconds
max load: 95395 avgloadperbox: 2297.61328 avgloadpercore: 294094.5
compute: 2.872089 seconds
evaluations: 1404465920
time: 3.045406 seconds
