hostname : sth-c20.uncc.edu
bounding: [-180;180]x[7;72]x[5875;5958]
read 588189 observations
res: 0.1 0.1 1 bw: 1 1 3
voxsize: 3601x651x84 size:751.179062MB
voxBW: 10 3
Initialization time: 0.070557
intersect: 4247181
decomposition time: 0.386571 seconds
max load: 19773 avgloadperbox: 17.9501038 avgloadpercore: 73523.625
compute: 1.672149 seconds
evaluations: 1820333685
time: 2.137668 seconds
