bounding: [-180;180]x[7;72]x[5875;5958]
read 588189 observations
res: 0.5 0.5 1 bw: 1 1 3
decomposition should allow blocks larger than bandwidth. Adjusting decomposition to 32x32x27
voxsize: 721x131x84 size:30.2653656MB
voxBW: 2 3
Initialization time: 0.004162
decomposition time: 0.025350 seconds
max load: 4320 avgloadperbox: 21.274197 avgloadpercore: 73523.625 total load: 588189
mem: 33524
compute: 0.046955 seconds
evaluations: 0
time: 0.077563 seconds
