hostname : sth-c13.uncc.edu
bounding: [-130;-65]x[20;50]x[5875;5958]
read 588189 observations
res: 0.1 0.1 1 bw: 2.5 2.5 7
voxsize: 651x301x84 size:62.7894745MB
voxBW: 25 7
Initialization time: 0.006594
intersect: 1101609
decomposition time: 0.041277 seconds
max load: 252378 avgloadperbox: 73523.625 avgloadpercore: 147047.25
compute: 23.389770 seconds
evaluations: 22448570011
time: 23.439971 seconds
