bounding: [-180;180]x[7;72]x[5875;5958]
read 588189 observations
res: 0.5 0.5 1 bw: 1 1 3
voxsize: 721x131x84 size:30.2653656MB
voxBW: 2 3
Initialization time: 0.004376
adding -96.683671,32.7008104,5876 to -180;180 23.25;39.5 5875;5958
intersect: 679567
decomposition time: 0.033151 seconds
max load: 410744 avgloadperbox: 147047.25 avgloadpercore: 294094.5
compute: 0.125449 seconds
evaluations: 56178464
time: 0.164667 seconds
