hostname : sth-c2.uncc.edu
bounding: [-180;180]x[7;72]x[5875;5958]
read 588189 observations
res: 0.1 0.1 1 bw: 1 1 3
voxsize: 3601x651x84 size:751.179062MB
voxBW: 10 3
Initialization time: 0.164690
intersect: 758592
decomposition time: 0.032355 seconds
max load: 283672 avgloadperbox: 73523.625 avgloadpercore: 588189
compute: 4.571969 seconds
evaluations: 1404541280
time: 4.770118 seconds
