hostname : sth-c6.uncc.edu
bounding: [-130;-65]x[20;50]x[5875;5958]
read 588189 observations
res: 0.5 0.5 1 bw: 1 1 3
voxsize: 131x61x84 size:2.56059265MB
voxBW: 2 3
Initialization time: 0.000460
intersect: 11894912
decomposition time: 1.113213 seconds
max load: 11342 avgloadperbox: 17.9501038 avgloadpercore: 294094.5
compute: 0.591417 seconds
evaluations: 99502494
time: 1.716961 seconds
