hostname : sth-c14.uncc.edu
bounding: [-180;180]x[7;72]x[5875;5958]
read 588189 observations
res: 0.5 0.5 1 bw: 1 1 3
voxsize: 721x131x84 size:30.2653656MB
voxBW: 2 3
Initialization time: 0.009346
intersect: 1091817
decomposition time: 0.196804 seconds
max load: 81263 avgloadperbox: 2297.61328 avgloadpercore: 294094.5
compute: 0.357876 seconds
evaluations: 56178464
time: 0.564411 seconds
