bounding: [-180;180]x[7;72]x[5875;5958]
read 588189 observations
res: 0.1 0.1 1 bw: 5 5 14
voxsize: 3601x651x84 size:751.179062MB
voxBW: 50 14
Initialization time: 0.073159
intersect: 699397
decomposition time: 0.033876 seconds
max load: 372367 avgloadperbox: 147047.25 avgloadpercore: 147047.25
compute: 207.657338 seconds
evaluations: 157284155464
time: 207.765186 seconds
