hostname : sth-c9.uncc.edu
bounding: [-180;180]x[7;72]x[5875;5958]
read 588189 observations
res: 0.1 0.1 1 bw: 1 1 3
voxsize: 3601x651x84 size:751.179062MB
voxBW: 10 3
Initialization time: 0.126560
intersect: 744793
decomposition time: 0.145756 seconds
max load: 201285 avgloadperbox: 18380.9062 avgloadpercore: 36761.8125
compute: 2.046056 seconds
evaluations: 1404465920
time: 2.321973 seconds
