bounding: [-180;180]x[7;72]x[5875;5958]
read 588189 observations
res: 0.1 0.1 1 bw: 2.5 2.5 7
voxsize: 3601x651x84 size:751.179062MB
voxBW: 25 7
Initialization time: 0.165468
adding -96.683671,32.7008104,5876 to -180;180 23.25;39.5 5875;5958
intersect: 814925
decomposition time: 0.034392 seconds
max load: 503015 avgloadperbox: 147047.25 avgloadpercore: 588189
compute: 54.716374 seconds
evaluations: 20188310100
time: 54.917488 seconds
