hostname : sth-c4.uncc.edu
bounding: [-180;180]x[7;72]x[5875;5958]
read 588189 observations
res: 0.1 0.1 1 bw: 5 5 14
voxsize: 3601x651x84 size:751.179062MB
voxBW: 50 14
Initialization time: 0.160539
intersect: 4422599
decomposition time: 0.181711 seconds
max load: 359090 avgloadperbox: 9190.45312 avgloadpercore: 294094.5
compute: 253.629296 seconds
evaluations: 157281845164
time: 253.973282 seconds
