bounding: [-180;180]x[7;72]x[5875;5958]
read 588189 observations
res: 0.5 0.5 1 bw: 1 1 3
voxsize: 721x131x84 size:30.2653656MB
voxBW: 2 3
Initialization time: 0.006614
adding -96.683671,32.7008104,5876 to -180;180 23.25;39.5 5875;5895.75
intersect: 846694
decomposition time: 0.038572 seconds
max load: 219283 avgloadperbox: 36761.8125 avgloadpercore: 588189
compute: 0.227392 seconds
evaluations: 56178464
time: 0.274464 seconds
