hostname : sth-c7.uncc.edu
bounding: [-180;180]x[7;72]x[5875;5958]
read 588189 observations
res: 0.1 0.1 1 bw: 5 5 14
voxsize: 3601x651x84 size:751.179062MB
voxBW: 50 14
Initialization time: 0.166544
intersect: 2470584
decomposition time: 0.088660 seconds
max load: 280558 avgloadperbox: 9190.45312 avgloadpercore: 588189
compute: 460.347880 seconds
evaluations: 166947117606
time: 460.603869 seconds
