bounding: [-180;180]x[7;72]x[5875;5958]
read 588189 observations
res: 0.1 0.1 1 bw: 5 5 14
voxsize: 3601x651x84 size:751.179062MB
voxBW: 50 14
Initialization time: 0.071760
intersect: 2425817
decomposition time: 0.076829 seconds
max load: 245814 avgloadperbox: 18380.9062 avgloadpercore: 36761.8125
compute: 63.945427 seconds
evaluations: 157284155464
time: 64.099071 seconds
