hostname : sth-c4.uncc.edu
bounding: [-180;180]x[7;72]x[5875;5958]
read 588189 observations
res: 0.1 0.1 1 bw: 5 5 14
voxsize: 3601x651x84 size:751.179062MB
voxBW: 50 14
Initialization time: 0.128517
intersect: 3968034
decomposition time: 0.163614 seconds
max load: 239079 avgloadperbox: 4595.22656 avgloadpercore: 36761.8125
compute: 45.500420 seconds
evaluations: 157282719664
time: 45.802063 seconds
