bounding: [-180;180]x[7;72]x[5875;5958]
read 588189 observations
res: 0.1 0.1 1 bw: 5 5 14
voxsize: 3601x651x84 size:751.179062MB
voxBW: 50 14
Initialization time: 0.164921
adding -96.683671,32.7008104,5876 to -135;-90 23.25;39.5 5875;5895.75
intersect: 2471069
decomposition time: 0.111584 seconds
max load: 280523 avgloadperbox: 4595.22656 avgloadpercore: 588189
compute: 460.321100 seconds
evaluations: 157282719664
time: 460.598398 seconds
