hostname : sth-c10.uncc.edu
bounding: [-180;180]x[7;72]x[5875;5958]
read 588189 observations
res: 0.5 0.5 1 bw: 1 1 3
voxsize: 721x131x84 size:30.2653656MB
voxBW: 2 3
decomposition time: 0.020105 seconds
max load: 85119 avgloadperbox: 9190.45312 avgloadpercore: 147047.25 total load: 588189
Initialization time: 0.003879
mem: 216
compute: 0.114279 seconds
evaluations: 0
time: 0.138445 seconds
