hostname : sth-c2.uncc.edu
bounding: [-180;180]x[7;72]x[5875;5958]
read 588189 observations
res: 0.1 0.1 1 bw: 5 5 14
voxsize: 3601x651x84 size:751.179062MB
voxBW: 50 14
Initialization time: 0.073777
intersect: 5270756
decomposition time: 0.207226 seconds
max load: 229325 avgloadperbox: 1148.80664 avgloadpercore: 147047.25
compute: 136.736045 seconds
evaluations: 166946541793
time: 137.018882 seconds
