bounding: [-180;180]x[7;72]x[5875;5958]
read 588189 observations
res: 0.1 0.1 1 bw: 2.5 2.5 7
decomposition should allow blocks larger than bandwidth. Adjusting decomposition to 64x25x11
voxsize: 3601x651x84 size:751.179062MB
voxBW: 25 7
Initialization time: 0.069871
decomposition time: 0.023991 seconds
max load: 10241 avgloadperbox: 33.4198295 avgloadpercore: 73523.625 total load: 588189
mem: 23166
compute: 7.331705 seconds
evaluations: 0
time: 7.428030 seconds
