hostname : sth-c24.uncc.edu
bounding: [-180;180]x[7;72]x[5875;5958]
read 588189 observations
res: 0.1 0.1 1 bw: 5 5 14
voxsize: 3601x651x84 size:751.179062MB
voxBW: 50 14
Initialization time: 0.071243
intersect: 15505222
decomposition time: 0.675933 seconds
max load: 182956 avgloadperbox: 143.60083 avgloadpercore: 73523.625
compute: 88.359011 seconds
evaluations: 157281795264
time: 89.125082 seconds
