hostname : sth-c2.uncc.edu
bounding: [-180;180]x[7;72]x[5875;5958]
read 588189 observations
res: 0.1 0.1 1 bw: 5 5 14
voxsize: 3601x651x84 size:751.179062MB
voxBW: 50 14
Initialization time: 0.099649
intersect: 15505222
decomposition time: 0.690540 seconds
max load: 182956 avgloadperbox: 143.60083 avgloadpercore: 294094.5
compute: 343.048389 seconds
evaluations: 167103867433
time: 343.842623 seconds
