hostname : sth-c4.uncc.edu
bounding: [-180;180]x[7;72]x[5875;5958]
read 588189 observations
res: 0.1 0.1 1 bw: 5 5 14
voxsize: 3601x651x84 size:751.179062MB
voxBW: 50 14
Initialization time: 0.160360
intersect: 1509839
decomposition time: 0.059995 seconds
max load: 288720 avgloadperbox: 36761.8125 avgloadpercore: 294094.5
compute: 237.726217 seconds
evaluations: 157284155464
time: 237.947704 seconds
