bounding: [-180;180]x[7;72]x[5875;5958]
read 588189 observations
res: 0.1 0.1 1 bw: 1 1 3
voxsize: 3601x651x84 size:751.179062MB
voxBW: 10 3
Initialization time: 0.070196
adding -96.683671,32.7008104,5876 to -135;-90 7;72 5875;5895.75
intersect: 756219
decomposition time: 0.045502 seconds
max load: 174085 avgloadperbox: 18380.9062 avgloadpercore: 73523.625
compute: 1.220630 seconds
evaluations: 1404541280
time: 1.338643 seconds
