hostname : sth-c2.uncc.edu
bounding: [-180;180]x[7;72]x[5875;5958]
read 588189 observations
res: 0.1 0.1 1 bw: 2.5 2.5 7
voxsize: 3601x651x84 size:751.179062MB
voxBW: 25 7
Initialization time: 0.073277
intersect: 1016708
decomposition time: 0.039118 seconds
max load: 378789 avgloadperbox: 73523.625 avgloadpercore: 147047.25
compute: 21.040681 seconds
evaluations: 20189433200
time: 21.153767 seconds
