bounding: [-180;180]x[7;72]x[5875;5958]
read 588189 observations
res: 0.1 0.1 1 bw: 1 1 3
voxsize: 3601x651x84 size:751.179062MB
voxBW: 10 3
Initialization time: 0.073863
decomposition time: 0.020536 seconds
max load: 230706 avgloadperbox: 73523.625 avgloadpercore: 147047.25 total load: 588189
compute: 4.301148 seconds
evaluations: 1404541280
time: 4.397524 seconds
