bounding: [-180;180]x[7;72]x[5875;5958]
read 588189 observations
res: 0.1 0.1 1 bw: 1 1 3
voxsize: 3601x651x84 size:751.179062MB
voxBW: 10 3
Initialization time: 0.073057
adding -96.683671,32.7008104,5876 to -135;-90 7;72 5875;5885.375
intersect: 944207
decomposition time: 0.055372 seconds
max load: 114071 avgloadperbox: 9190.45312 avgloadpercore: 147047.25
compute: 1.535663 seconds
evaluations: 1404541280
time: 1.666168 seconds
