hostname : sth-c22.uncc.edu
bounding: [-180;180]x[7;72]x[5875;5958]
read 588189 observations
res: 0.1 0.1 1 bw: 2.5 2.5 7
voxsize: 3601x651x84 size:751.179062MB
voxBW: 25 7
Initialization time: 0.189309
intersect: 1381389
decomposition time: 0.199327 seconds
max load: 187573 avgloadperbox: 4595.22656 avgloadpercore: 147047.25
compute: 17.214347 seconds
evaluations: 20188310100
time: 17.607569 seconds
