hostname : sth-c22.uncc.edu
bounding: [-180;180]x[7;72]x[5875;5958]
read 588189 observations
res: 0.1 0.1 1 bw: 2.5 2.5 7
voxsize: 3601x651x84 size:751.179062MB
voxBW: 25 7
Initialization time: 0.125948
intersect: 814925
decomposition time: 0.086522 seconds
max load: 503015 avgloadperbox: 147047.25 avgloadpercore: 36761.8125
compute: 31.866914 seconds
evaluations: 20188310100
time: 32.079659 seconds
