bounding: [-180;180]x[7;72]x[5875;5958]
read 588189 observations
res: 0.1 0.1 1 bw: 2.5 2.5 7
voxsize: 3601x651x84 size:751.179062MB
voxBW: 25 7
Initialization time: 0.072854
decomposition time: 0.024106 seconds
0,0,0 : 588189
max load: 588189 avgloadperbox: 588189 avgloadpercore: 147047.25 total load: 588189
mem: 27
compute: 51.705042 seconds
evaluations: 0
time: 51.802921 seconds
