bounding: [-180;180]x[7;72]x[5875;5958]
read 588189 observations
res: 0.1 0.1 1 bw: 5 5 14
voxsize: 3601x651x84 size:751.179062MB
voxBW: 50 14
Initialization time: 0.165752
adding -96.683671,32.7008104,5876 to -180;180 23.25;39.5 5875;5958
intersect: 960136
decomposition time: 0.041170 seconds
max load: 554963 avgloadperbox: 147047.25 avgloadpercore: 588189
compute: 361.452859 seconds
evaluations: 157282719664
time: 361.661395 seconds
