bounding: [-180;180]x[7;72]x[5875;5958]
read 588189 observations
res: 0.1 0.1 1 bw: 1 1 3
voxsize: 3601x651x84 size:751.179062MB
voxBW: 10 3
Initialization time: 0.071432
adding -96.683671,32.7008104,5876 to -135;-90 7;72 5875;5885.375
intersect: 944207
decomposition time: 0.056334 seconds
max load: 114071 avgloadperbox: 9190.45312 avgloadpercore: 36761.8125
compute: 0.867684 seconds
evaluations: 1404541280
time: 0.996959 seconds
