hostname : sth-c13.uncc.edu
bounding: [-130;-65]x[20;50]x[5875;5958]
read 588189 observations
res: 0.1 0.1 1 bw: 2.5 2.5 7
voxsize: 651x301x84 size:62.7894745MB
voxBW: 25 7
decomposition time: 0.020918 seconds
max load: 174718 avgloadperbox: 73523.625 avgloadpercore: 73523.625 total load: 588189
Initialization time: 0.008568
mem: 64
compute: 56.093586 seconds
evaluations: 0
time: 56.123247 seconds
