hostname : sth-c19.uncc.edu
bounding: [-130;-65]x[20;50]x[5875;5958]
read 588189 observations
res: 0.01 0.01 1 bw: 1 1 3
voxsize: 6501x3001x84 size:6251.51857MB
voxBW: 100 3
decomposition time: 0.020743 seconds
max load: 174718 avgloadperbox: 73523.625 avgloadpercore: 73523.625 total load: 588189
Initialization time: 0.724599
mem: 64
compute: 679.230793 seconds
evaluations: 0
time: 679.976500 seconds
