hostname : sth-c9.uncc.edu
bounding: [-180;180]x[7;72]x[5875;5958]
read 588189 observations
res: 0.1 0.1 1 bw: 1 1 3
voxsize: 3601x651x84 size:751.179062MB
voxBW: 10 3
decomposition time: 0.056231 seconds
max load: 230706 avgloadperbox: 73523.625 avgloadpercore: 147047.25 total load: 588189
Initialization time: 0.194208
mem: 64
compute: 5.126668 seconds
evaluations: 0
time: 5.378569 seconds
