hostname : sth-c14.uncc.edu
bounding: [-180;180]x[7;72]x[5875;5958]
read 588189 observations
res: 0.5 0.5 1 bw: 1 1 3
voxsize: 721x131x84 size:30.2653656MB
voxBW: 2 3
Initialization time: 0.007088
intersect: 733978
decomposition time: 0.069138 seconds
max load: 304309 avgloadperbox: 147047.25 avgloadpercore: 36761.8125
compute: 0.161290 seconds
evaluations: 56181680
time: 0.239827 seconds
