hostname : sth-c22.uncc.edu
bounding: [-180;180]x[7;72]x[5875;5958]
read 588189 observations
res: 0.1 0.1 1 bw: 2.5 2.5 7
voxsize: 3601x651x84 size:751.179062MB
voxBW: 25 7
Initialization time: 0.189807
intersect: 2391383
decomposition time: 0.316725 seconds
max load: 124094 avgloadperbox: 1148.80664 avgloadpercore: 147047.25
compute: 18.871775 seconds
evaluations: 20186718350
time: 19.382013 seconds
