bounding: [-180;180]x[7;72]x[5875;5958]
read 588189 observations
res: 0.1 0.1 1 bw: 5 5 14
voxsize: 3601x651x84 size:751.179062MB
voxBW: 50 14
Initialization time: 0.070890
adding -96.683671,32.7008104,5876 to -180;-90 23.25;39.5 5875;5895.75
intersect: 2470584
decomposition time: 0.102640 seconds
max load: 280558 avgloadperbox: 9190.45312 avgloadpercore: 36761.8125
compute: 65.085315 seconds
evaluations: 157282719664
time: 65.262679 seconds
