hostname : sth-c21.uncc.edu
bounding: [-180;180]x[7;72]x[5875;5958]
read 588189 observations
res: 0.1 0.1 1 bw: 1 1 3
voxsize: 3601x651x84 size:751.179062MB
voxBW: 10 3
Initialization time: 0.070212
intersect: 13421548
decomposition time: 1.439921 seconds
max load: 15246 avgloadperbox: 2.24376297 avgloadpercore: 73523.625
compute: 2.439027 seconds
evaluations: 1403762252
time: 3.973462 seconds
