hostname : sth-c13.uncc.edu
bounding: [-130;-65]x[20;50]x[5875;5958]
read 588189 observations
res: 0.1 0.1 1 bw: 1 1 3
voxsize: 651x301x84 size:62.7894745MB
voxBW: 10 3
Initialization time: 0.007106
intersect: 1750753
decomposition time: 0.068820 seconds
max load: 36524 avgloadperbox: 1148.80664 avgloadpercore: 36761.8125
compute: 0.540175 seconds
evaluations: 1816596209
time: 0.618968 seconds
