hostname : sth-c4.uncc.edu
bounding: [-180;180]x[7;72]x[5875;5958]
read 588189 observations
res: 0.1 0.1 1 bw: 5 5 14
voxsize: 3601x651x84 size:751.179062MB
voxBW: 50 14
Initialization time: 0.121918
intersect: 2470584
decomposition time: 0.092553 seconds
max load: 280558 avgloadperbox: 9190.45312 avgloadpercore: 147047.25
compute: 129.794060 seconds
evaluations: 157282719664
time: 130.010638 seconds
