hostname : sth-c4.uncc.edu
bounding: [-180;180]x[7;72]x[5875;5958]
read 588189 observations
res: 0.1 0.1 1 bw: 5 5 14
voxsize: 3601x651x84 size:751.179062MB
voxBW: 50 14
Initialization time: 0.131609
intersect: 699523
decomposition time: 0.047524 seconds
max load: 372264 avgloadperbox: 73523.625 avgloadpercore: 147047.25
compute: 212.010340 seconds
evaluations: 157284155464
time: 212.191232 seconds
