hostname : sth-c22.uncc.edu
bounding: [-180;180]x[7;72]x[5875;5958]
read 588189 observations
res: 0.1 0.1 1 bw: 2.5 2.5 7
voxsize: 3601x651x84 size:751.179062MB
voxBW: 25 7
Initialization time: 0.171779
intersect: 641331
decomposition time: 0.086780 seconds
max load: 353043 avgloadperbox: 147047.25 avgloadpercore: 73523.625
compute: 30.335266 seconds
evaluations: 20189433200
time: 30.595161 seconds
