hostname : sth-c9.uncc.edu
bounding: [-180;180]x[7;72]x[5875;5958]
read 588189 observations
res: 0.1 0.1 1 bw: 1 1 3
voxsize: 3601x651x84 size:751.179062MB
voxBW: 10 3
decomposition time: 0.054469 seconds
max load: 37160 avgloadperbox: 1148.80664 avgloadpercore: 147047.25 total load: 588189
Initialization time: 0.193542
mem: 1000
compute: 2.426969 seconds
evaluations: 0
time: 2.677512 seconds
