hostname : sth-c22.uncc.edu
bounding: [-180;180]x[7;72]x[5875;5958]
read 588189 observations
res: 0.1 0.1 1 bw: 2.5 2.5 7
voxsize: 3601x651x84 size:751.2MB
voxBW: 25 7
Initialization time: 0.383155
compute: 58.266414 seconds
reduce: 0.226334 seconds
evaluations: 20189433200
time: 58.876391 seconds
