bounding: [-180;180]x[7;72]x[5875;5958]
read 588189 observations
res: 0.1 0.1 1 bw: 2.5 2.5 7
decomposition should allow blocks larger than bandwidth. Adjusting decomposition to 32x25x11
voxsize: 3601x651x84 size:751.179062MB
voxBW: 25 7
Initialization time: 0.070140
decomposition time: 0.022572 seconds
max load: 10290 avgloadperbox: 66.8396591 avgloadpercore: 73523.625 total load: 588189
mem: 11934
compute: 7.809063 seconds
evaluations: 0
time: 7.904003 seconds
