bounding: [-180;180]x[7;72]x[5875;5958]
read 588189 observations
res: 0.1 0.1 1 bw: 5 5 14
decomposition should allow blocks larger than bandwidth. Adjusting decomposition to 16x12x5
voxsize: 3601x651x84 size:751.179062MB
voxBW: 50 14
Initialization time: 0.100280
decomposition time: 0.020474 seconds
max load: 45761 avgloadperbox: 612.696875 avgloadpercore: 294094.5 total load: 588189
mem: 1764
compute: 190.571699 seconds
evaluations: 0
time: 190.692871 seconds
