hostname : sth-c13.uncc.edu
bounding: [-130;-65]x[20;50]x[5875;5958]
read 588189 observations
res: 0.1 0.1 1 bw: 2.5 2.5 7
voxsize: 651x301x84 size:62.7894745MB
voxBW: 25 7
Initialization time: 0.013683
intersect: 2134599
decomposition time: 0.087397 seconds
max load: 128196 avgloadperbox: 9190.45312 avgloadpercore: 588189
compute: 62.462604 seconds
evaluations: 22620219943
time: 62.567780 seconds
