bounding: [-180;180]x[7;72]x[5875;5958]
read 588189 observations
res: 0.1 0.1 1 bw: 2.5 2.5 7
voxsize: 3601x651x84 size:751.179062MB
voxBW: 25 7
Initialization time: 0.100231
adding -96.683671,32.7008104,5876 to -180;180 7;72 5875;5895.75
intersect: 916117
decomposition time: 0.032577 seconds
max load: 368656 avgloadperbox: 147047.25 avgloadpercore: 294094.5
compute: 33.808802 seconds
evaluations: 20189433200
time: 33.942288 seconds
