hostname : sth-c4.uncc.edu
bounding: [-180;180]x[7;72]x[5875;5958]
read 588189 observations
res: 0.1 0.1 1 bw: 5 5 14
voxsize: 3601x651x84 size:751.179062MB
voxBW: 50 14
Initialization time: 0.130533
intersect: 2070481
decomposition time: 0.073330 seconds
max load: 432428 avgloadperbox: 36761.8125 avgloadpercore: 36761.8125
compute: 114.334200 seconds
evaluations: 157282719664
time: 114.542296 seconds
