bounding: [-180;180]x[7;72]x[5875;5958]
read 588189 observations
res: 0.1 0.1 1 bw: 2.5 2.5 7
decomposition should allow blocks larger than bandwidth. Adjusting decomposition to 16x16x11
voxsize: 3601x651x84 size:751.179062MB
voxBW: 25 7
Initialization time: 0.099864
decomposition time: 0.021391 seconds
max load: 22880 avgloadperbox: 208.873935 avgloadpercore: 294094.5 total load: 588189
mem: 4212
compute: 26.335110 seconds
evaluations: 0
time: 26.457125 seconds
