hostname : sth-c14.uncc.edu
bounding: [-180;180]x[7;72]x[5875;5958]
read 588189 observations
res: 0.5 0.5 1 bw: 1 1 3
voxsize: 721x131x84 size:30.2653656MB
voxBW: 2 3
Initialization time: 0.007906
intersect: 1057475
decomposition time: 0.131698 seconds
max load: 151267 avgloadperbox: 18380.9062 avgloadpercore: 147047.25
compute: 0.180860 seconds
evaluations: 56178464
time: 0.324416 seconds
