hostname : sth-c9.uncc.edu
bounding: [-180;180]x[7;72]x[5875;5958]
read 588189 observations
res: 0.1 0.1 1 bw: 1 1 3
voxsize: 3601x651x84 size:751.179062MB
voxBW: 10 3
Initialization time: 0.172143
intersect: 701502
decomposition time: 0.141720 seconds
max load: 214711 avgloadperbox: 18380.9062 avgloadpercore: 73523.625
compute: 2.286002 seconds
evaluations: 1404540920
time: 2.603394 seconds
