hostname : sth-c19.uncc.edu
bounding: [-180;180]x[7;72]x[5875;5958]
read 588189 observations
res: 0.5 0.5 1 bw: 1 1 3
voxsize: 721x131x84 size:30.2653656MB
voxBW: 2 3
Initialization time: 0.003506
intersect: 588189
decomposition time: 0.021262 seconds
max load: 588189 avgloadperbox: 588189 avgloadpercore: 147047.25
compute: 0.269615 seconds
evaluations: 102239535
time: 0.294777 seconds
