hostname : sth-c10.uncc.edu
bounding: [-180;180]x[7;72]x[5875;5958]
read 588189 observations
res: 0.1 0.1 1 bw: 2.5 2.5 7
voxsize: 3601x651x84 size:751.179062MB
voxBW: 25 7
decomposition time: 0.020626 seconds
max load: 230706 avgloadperbox: 73523.625 avgloadpercore: 147047.25 total load: 588189
Initialization time: 0.078096
mem: 64
compute: 51.834778 seconds
evaluations: 0
time: 51.934899 seconds
