hostname : sth-c14.uncc.edu
bounding: [-180;180]x[7;72]x[5875;5958]
read 588189 observations
res: 0.5 0.5 1 bw: 1 1 3
voxsize: 721x131x84 size:30.2653656MB
voxBW: 2 3
Initialization time: 0.007486
intersect: 733978
decomposition time: 0.067832 seconds
max load: 304309 avgloadperbox: 147047.25 avgloadpercore: 73523.625
compute: 0.242036 seconds
evaluations: 56181680
time: 0.319405 seconds
