hostname : sth-c13.uncc.edu
bounding: [-130;-65]x[20;50]x[5875;5958]
read 588189 observations
res: 0.1 0.1 1 bw: 1 1 3
voxsize: 651x301x84 size:62.7894745MB
voxBW: 10 3
Initialization time: 0.006633
intersect: 1750753
decomposition time: 0.068846 seconds
max load: 36524 avgloadperbox: 1148.80664 avgloadpercore: 147047.25
compute: 1.667691 seconds
evaluations: 1816596209
time: 1.746864 seconds
