hostname : sth-c22.uncc.edu
bounding: [-180;180]x[7;72]x[5875;5958]
read 588189 observations
res: 0.1 0.1 1 bw: 2.5 2.5 7
voxsize: 3601x651x84 size:751.179062MB
voxBW: 25 7
Initialization time: 0.127194
intersect: 2391383
decomposition time: 0.312858 seconds
max load: 124094 avgloadperbox: 1148.80664 avgloadpercore: 36761.8125
compute: 6.748629 seconds
evaluations: 20186718350
time: 7.193027 seconds
