hostname : sth-c22.uncc.edu
bounding: [-180;180]x[7;72]x[5875;5958]
read 588189 observations
res: 0.1 0.1 1 bw: 2.5 2.5 7
voxsize: 3601x651x84 size:751.2MB
voxBW: 25 7
Initialization time: 0.385454
compute: 29.585093 seconds
reduce: 0.181326 seconds
evaluations: 20189433200
time: 30.154540 seconds
