hostname : sth-c9.uncc.edu
bounding: [-180;180]x[7;72]x[5875;5958]
read 588189 observations
res: 0.1 0.1 1 bw: 1 1 3
voxsize: 3601x651x84 size:751.179062MB
voxBW: 10 3
Initialization time: 0.189212
intersect: 944114
decomposition time: 0.126134 seconds
max load: 114104 avgloadperbox: 18380.9062 avgloadpercore: 147047.25
compute: 2.429230 seconds
evaluations: 1404541280
time: 2.746049 seconds
