hostname : sth-c7.uncc.edu
bounding: [-130;-65]x[20;50]x[5875;5958]
read 588189 observations
res: 0.1 0.1 1 bw: 1 1 3
voxsize: 651x301x84 size:62.7894745MB
voxBW: 10 3
Initialization time: 0.008933
intersect: 50672436
decomposition time: 6.262030 seconds
max load: 9578 avgloadperbox: 2.24376297 avgloadpercore: 294094.5
compute: 11.038334 seconds
evaluations: 1804686735
time: 17.470919 seconds
