hostname : sth-c14.uncc.edu
bounding: [-180;180]x[7;72]x[5875;5958]
read 588189 observations
res: 0.5 0.5 1 bw: 1 1 3
voxsize: 721x131x84 size:30.2653656MB
voxBW: 2 3
Initialization time: 0.009017
intersect: 756219
decomposition time: 0.125051 seconds
max load: 174085 avgloadperbox: 18380.9062 avgloadpercore: 294094.5
compute: 0.297724 seconds
evaluations: 56181680
time: 0.435293 seconds
