hostname : sth-c22.uncc.edu
bounding: [-180;180]x[7;72]x[5875;5958]
read 588189 observations
res: 0.1 0.1 1 bw: 2.5 2.5 7
voxsize: 3601x651x84 size:751.179062MB
voxBW: 25 7
Initialization time: 0.349799
intersect: 814925
decomposition time: 0.093125 seconds
max load: 503015 avgloadperbox: 147047.25 avgloadpercore: 588189
compute: 49.324554 seconds
evaluations: 20188310100
time: 49.768546 seconds
