hostname : sth-c9.uncc.edu
bounding: [-180;180]x[7;72]x[5875;5958]
read 588189 observations
res: 0.1 0.1 1 bw: 1 1 3
voxsize: 3601x651x84 size:751.179062MB
voxBW: 10 3
decomposition time: 0.054143 seconds
max load: 37160 avgloadperbox: 1148.80664 avgloadpercore: 294094.5 total load: 588189
Initialization time: 0.229018
mem: 1000
compute: 2.859327 seconds
evaluations: 0
time: 3.142919 seconds
