bounding: [-180;180]x[7;72]x[5875;5958]
read 588189 observations
res: 0.1 0.1 1 bw: 5 5 14
voxsize: 3601x651x84 size:751.179062MB
voxBW: 50 14
Initialization time: 0.070963
adding -96.683671,32.7008104,5876 to -180;180 23.25;39.5 5875;5895.75
intersect: 2070481
decomposition time: 0.071606 seconds
max load: 432428 avgloadperbox: 36761.8125 avgloadpercore: 36761.8125
compute: 120.451068 seconds
evaluations: 157282719664
time: 120.596206 seconds
