bounding: [-180;180]x[7;72]x[5875;5958]
read 588189 observations
res: 0.1 0.1 1 bw: 1 1 3
decomposition should allow blocks larger than bandwidth. Adjusting decomposition to 16x16x13
voxsize: 3601x651x84 size:751.179062MB
voxBW: 10 3
decomposition time: 0.058531 seconds
max load: 22528 avgloadperbox: 176.739483 avgloadpercore: 294094.5 total load: 588189
Initialization time: 0.230327
mem: 4860
compute: 2.708389 seconds
evaluations: 0
time: 3.007109 seconds
