hostname : sth-c14.uncc.edu
bounding: [-180;180]x[7;72]x[5875;5958]
read 588189 observations
res: 0.5 0.5 1 bw: 1 1 3
voxsize: 721x131x84 size:30.2653656MB
voxBW: 2 3
Initialization time: 0.008000
intersect: 873870
decomposition time: 0.134968 seconds
max load: 113769 avgloadperbox: 9190.45312 avgloadpercore: 294094.5
compute: 0.301854 seconds
evaluations: 56178464
time: 0.448231 seconds
