hostname : sth-c6.uncc.edu
bounding: [-130;-65]x[20;50]x[5875;5958]
read 588189 observations
res: 0.5 0.5 1 bw: 1 1 3
voxsize: 131x61x84 size:2.56059265MB
voxBW: 2 3
Initialization time: 0.001179
intersect: 50672436
decomposition time: 6.551115 seconds
max load: 9578 avgloadperbox: 2.24376297 avgloadpercore: 73523.625
compute: 0.489626 seconds
evaluations: 91607870
time: 7.149555 seconds
