bounding: [-180;180]x[7;72]x[5875;5958]
read 588189 observations
res: 0.1 0.1 1 bw: 1 1 3
voxsize: 3601x651x84 size:751.179062MB
voxBW: 10 3
Initialization time: 0.074136
decomposition time: 0.021896 seconds
max load: 17744 avgloadperbox: 143.60083 avgloadpercore: 147047.25 total load: 588189
compute: 1.106617 seconds
evaluations: 1404541280
time: 1.203693 seconds
