hostname : sth-c15.uncc.edu
bounding: [-130;-65]x[20;50]x[5875;5958]
read 588189 observations
res: 0.01 0.01 1 bw: 1 1 3
voxsize: 6501x3001x84 size:6251.51857MB
voxBW: 100 3
Initialization time: 1.380685
intersect: 1058145
decomposition time: 0.056964 seconds
max load: 79696 avgloadperbox: 9190.45312 avgloadpercore: 588189
compute: 649.211488 seconds
evaluations: 164270226861
time: 650.649708 seconds
