hostname : sth-c19.uncc.edu
bounding: [-180;180]x[7;72]x[5875;5958]
read 588189 observations
res: 0.5 0.5 1 bw: 1 1 3
voxsize: 721x131x84 size:30.2653656MB
voxBW: 2 3
Initialization time: 0.003610
intersect: 4247181
decomposition time: 0.389331 seconds
max load: 19773 avgloadperbox: 17.9501038 avgloadpercore: 147047.25
compute: 0.198836 seconds
evaluations: 104990920
time: 0.595096 seconds
