hostname : sth-c1.uncc.edu
bounding: [-180;180]x[7;72]x[5875;5958]
read 588189 observations
res: 0.1 0.1 1 bw: 1 1 3
voxsize: 3601x651x84 size:751.179062MB
voxBW: 10 3
Initialization time: 0.072794
intersect: 13421637
decomposition time: 0.785865 seconds
max load: 15246 avgloadperbox: 2.24376297 avgloadpercore: 147047.25
compute: 5.329704 seconds
evaluations: 1818142906
time: 6.221575 seconds
