hostname : sth-c14.uncc.edu
bounding: [-180;180]x[7;72]x[5875;5958]
read 588189 observations
res: 0.5 0.5 1 bw: 1 1 3
voxsize: 721x131x84 size:30.2653656MB
voxBW: 2 3
Initialization time: 0.009596
intersect: 1122267
decomposition time: 0.168947 seconds
max load: 116975 avgloadperbox: 9190.45312 avgloadpercore: 294094.5
compute: 0.356852 seconds
evaluations: 56109284
time: 0.539470 seconds
