hostname : sth-c7.uncc.edu
bounding: [-130;-65]x[20;50]x[5875;5958]
read 588189 observations
res: 0.5 0.5 1 bw: 1 1 3
voxsize: 131x61x84 size:2.56059265MB
voxBW: 2 3
Initialization time: 0.000968
intersect: 50673451
decomposition time: 4.311068 seconds
max load: 9578 avgloadperbox: 2.24376297 avgloadpercore: 294094.5
compute: 1.466629 seconds
evaluations: 91607870
time: 5.893187 seconds
