hostname : sth-c22.uncc.edu
bounding: [-180;180]x[7;72]x[5875;5958]
read 588189 observations
res: 0.1 0.1 1 bw: 2.5 2.5 7
voxsize: 3601x651x84 size:751.179062MB
voxBW: 25 7
Initialization time: 0.185088
intersect: 1662686
decomposition time: 0.222789 seconds
max load: 165056 avgloadperbox: 4595.22656 avgloadpercore: 147047.25
compute: 16.976501 seconds
evaluations: 20186718350
time: 17.392101 seconds
