bounding: [-180;180]x[7;72]x[5875;5958]
read 588189 observations
res: 0.1 0.1 1 bw: 5 5 14
decomposition should allow blocks larger than bandwidth. Adjusting decomposition to 16x6x2
voxsize: 3601x651x84 size:751.179062MB
voxBW: 50 14
decomposition time: 0.019400 seconds
max load: 101114 avgloadperbox: 3063.48438 avgloadpercore: 588189 total load: 588189
Initialization time: 0.166035
mem: 576
compute: 366.952174 seconds
evaluations: 0
time: 367.139448 seconds
