hostname : sth-c14.uncc.edu
bounding: [-130;-65]x[20;50]x[5875;5958]
read 588189 observations
res: 0.1 0.1 1 bw: 5 5 14
voxsize: 651x301x84 size:62.7894745MB
voxBW: 50 14
Initialization time: 0.007003
intersect: 447937281
decomposition time: 45.491459 seconds
max load: 99710 avgloadperbox: 17.9501038 avgloadpercore: 73523.625
compute: 151.033810 seconds
evaluations: 165471765866
time: 196.722031 seconds
