hostname : sth-c4.uncc.edu
bounding: [-180;180]x[7;72]x[5875;5958]
read 588189 observations
res: 0.1 0.1 1 bw: 5 5 14
voxsize: 3601x651x84 size:751.179062MB
voxBW: 50 14
Initialization time: 0.123459
intersect: 3280997
decomposition time: 0.140894 seconds
max load: 269815 avgloadperbox: 2297.61328 avgloadpercore: 147047.25
compute: 121.881495 seconds
evaluations: 157281845164
time: 122.151664 seconds
