hostname : sth-c22.uncc.edu
bounding: [-180;180]x[7;72]x[5875;5958]
read 588189 observations
res: 0.1 0.1 1 bw: 2.5 2.5 7
voxsize: 3601x651x84 size:751.179062MB
voxBW: 25 7
Initialization time: 0.128922
intersect: 916117
decomposition time: 0.072586 seconds
max load: 368656 avgloadperbox: 147047.25 avgloadpercore: 36761.8125
compute: 25.261076 seconds
evaluations: 20189433200
time: 25.463601 seconds
