bounding: [-180;180]x[7;72]x[5875;5958]
read 588189 observations
res: 0.1 0.1 1 bw: 5 5 14
voxsize: 3601x651x84 size:751.179062MB
voxBW: 50 14
decomposition time: 0.023327 seconds
0,0,0 : 588189
max load: 588189 avgloadperbox: 588189 avgloadpercore: 588189 total load: 588189
Initialization time: 0.165812
mem: 27
compute: 374.256982 seconds
evaluations: 0
time: 374.447491 seconds
