hostname : sth-c9.uncc.edu
bounding: [-180;180]x[7;72]x[5875;5958]
read 588189 observations
res: 0.1 0.1 1 bw: 1 1 3
voxsize: 3601x651x84 size:751.179062MB
voxBW: 10 3
Initialization time: 0.350725
intersect: 944207
decomposition time: 0.153023 seconds
max load: 114071 avgloadperbox: 9190.45312 avgloadpercore: 588189
compute: 6.811163 seconds
evaluations: 1404541280
time: 7.316585 seconds
