hostname : sth-c14.uncc.edu
bounding: [-180;180]x[7;72]x[5875;5958]
read 588189 observations
res: 0.1 0.1 1 bw: 2.5 2.5 7
voxsize: 3601x651x84 size:751.179062MB
voxBW: 25 7
Initialization time: 0.166241
intersect: 5393811
decomposition time: 0.272902 seconds
max load: 89089 avgloadperbox: 143.60083 avgloadpercore: 588189
compute: 96.472608 seconds
evaluations: 20186637150
time: 96.916143 seconds
