bounding: [-180;180]x[7;72]x[5875;5958]
read 588189 observations
res: 0.1 0.1 1 bw: 1 1 3
voxsize: 3601x651x84 size:751.179062MB
voxBW: 10 3
Initialization time: 0.164781
adding -96.683671,32.7008104,5876 to -180;180 23.25;39.5 5875;5895.75
intersect: 846694
decomposition time: 0.037738 seconds
max load: 219283 avgloadperbox: 36761.8125 avgloadpercore: 588189
compute: 4.951213 seconds
evaluations: 1404540920
time: 5.155474 seconds
