bounding: [-180;180]x[7;72]x[5875;5958]
read 588189 observations
res: 0.5 0.5 1 bw: 1 1 3
voxsize: 721x131x84 size:30.2653656MB
voxBW: 2 3
Initialization time: 0.007032
adding -96.683671,32.7008104,5876 to -135;-90 31.375;39.5 5875;5958
intersect: 744854
decomposition time: 0.063396 seconds
max load: 201267 avgloadperbox: 9190.45312 avgloadpercore: 588189
compute: 0.172685 seconds
evaluations: 56109284
time: 0.244929 seconds
