hostname : sth-c19.uncc.edu
bounding: [-130;-65]x[20;50]x[5875;5958]
read 588189 observations
res: 0.1 0.1 1 bw: 5 5 14
voxsize: 651x301x84 size:62.7894745MB
voxBW: 50 14
Initialization time: 0.007318
intersect: 78457114
decomposition time: 5.269890 seconds
max load: 128065 avgloadperbox: 143.60083 avgloadpercore: 36761.8125
compute: 44.736496 seconds
evaluations: 165528910474
time: 50.021516 seconds
