hostname : sth-c9.uncc.edu
bounding: [-180;180]x[7;72]x[5875;5958]
read 588189 observations
res: 0.1 0.1 1 bw: 1 1 3
voxsize: 3601x651x84 size:751.179062MB
voxBW: 10 3
Initialization time: 0.169834
intersect: 605993
decomposition time: 0.079925 seconds
max load: 344869 avgloadperbox: 147047.25 avgloadpercore: 73523.625
compute: 3.429978 seconds
evaluations: 1404541280
time: 3.681901 seconds
