hostname : sth-c20.uncc.edu
bounding: [-180;180]x[7;72]x[5875;5958]
read 588189 observations
res: 0.5 0.5 1 bw: 1 1 3
voxsize: 721x131x84 size:30.2653656MB
voxBW: 2 3
Initialization time: 0.003672
intersect: 1850087
decomposition time: 0.160160 seconds
max load: 46454 avgloadperbox: 143.60083 avgloadpercore: 147047.25
compute: 0.079241 seconds
evaluations: 56008952
time: 0.244076 seconds
