hostname : sth-c4.uncc.edu
bounding: [-180;180]x[7;72]x[5875;5958]
read 588189 observations
res: 0.1 0.1 1 bw: 5 5 14
voxsize: 3601x651x84 size:751.179062MB
voxBW: 50 14
Initialization time: 0.221571
intersect: 5269859
decomposition time: 0.463110 seconds
max load: 229347 avgloadperbox: 2297.61328 avgloadpercore: 294094.5
compute: 255.325935 seconds
evaluations: 157281845164
time: 256.031523 seconds
