bounding: [-180;180]x[7;72]x[5875;5958]
read 588189 observations
res: 0.1 0.1 1 bw: 5 5 14
voxsize: 3601x651x84 size:751.179062MB
voxBW: 50 14
Initialization time: 0.098751
adding -96.683671,32.7008104,5876 to -180;180 7;72 5875;5895.75
intersect: 1270037
decomposition time: 0.036038 seconds
max load: 458058 avgloadperbox: 147047.25 avgloadpercore: 294094.5
compute: 259.295700 seconds
evaluations: 157284155464
time: 259.430716 seconds
