hostname : sth-c22.uncc.edu
bounding: [-180;180]x[7;72]x[5875;5958]
read 588189 observations
res: 0.1 0.1 1 bw: 2.5 2.5 7
voxsize: 3601x651x84 size:751.179062MB
voxBW: 25 7
Initialization time: 0.128593
intersect: 1662686
decomposition time: 0.218277 seconds
max load: 165056 avgloadperbox: 4595.22656 avgloadpercore: 36761.8125
compute: 7.627578 seconds
evaluations: 20186718350
time: 7.982849 seconds
