hostname : sth-c22.uncc.edu
bounding: [-180;180]x[7;72]x[5875;5958]
read 588189 observations
res: 0.1 0.1 1 bw: 2.5 2.5 7
voxsize: 3601x651x84 size:751.179062MB
voxBW: 25 7
Initialization time: 0.126225
intersect: 2189893
decomposition time: 0.234032 seconds
max load: 222847 avgloadperbox: 9190.45312 avgloadpercore: 36761.8125
compute: 8.422944 seconds
evaluations: 20186718350
time: 8.793796 seconds
