hostname : sth-c22.uncc.edu
bounding: [-180;180]x[7;72]x[5875;5958]
read 588189 observations
res: 0.1 0.1 1 bw: 2.5 2.5 7
voxsize: 3601x651x84 size:751.179062MB
voxBW: 25 7
Initialization time: 0.349116
intersect: 1435804
decomposition time: 0.151414 seconds
max load: 164555 avgloadperbox: 18380.9062 avgloadpercore: 588189
compute: 70.230211 seconds
evaluations: 20189433200
time: 70.733097 seconds
