hostname : sth-c2.uncc.edu
bounding: [-180;180]x[7;72]x[5875;5958]
read 588189 observations
res: 0.1 0.1 1 bw: 5 5 14
voxsize: 3601x651x84 size:751.179062MB
voxBW: 50 14
Initialization time: 0.099483
intersect: 71551314
decomposition time: 4.934592 seconds
max load: 151257 avgloadperbox: 17.9501038 avgloadpercore: 294094.5
compute: 561.136854 seconds
evaluations: 157273686764
time: 566.180882 seconds
