bounding: [-180;180]x[7;72]x[5875;5958]
read 588189 observations
res: 0.1 0.1 1 bw: 2.5 2.5 7
voxsize: 3601x651x84 size:751.179062MB
voxBW: 25 7
Initialization time: 0.073387
adding -96.683671,32.7008104,5876 to -180;180 7;72 5875;5885.375
intersect: 1316760
decomposition time: 0.043377 seconds
max load: 283379 avgloadperbox: 73523.625 avgloadpercore: 147047.25
compute: 21.062713 seconds
evaluations: 20189433200
time: 21.181244 seconds
