hostname : sth-c4.uncc.edu
bounding: [-180;180]x[7;72]x[5875;5958]
read 588189 observations
res: 0.1 0.1 1 bw: 5 5 14
voxsize: 3601x651x84 size:751.179062MB
voxBW: 50 14
Initialization time: 0.131320
intersect: 2471069
decomposition time: 0.119258 seconds
max load: 280523 avgloadperbox: 4595.22656 avgloadpercore: 36761.8125
compute: 60.899250 seconds
evaluations: 157282719664
time: 61.153677 seconds
