hostname : sth-c7.uncc.edu
bounding: [-130;-65]x[20;50]x[5875;5958]
read 588189 observations
res: 0.1 0.1 1 bw: 1 1 3
voxsize: 651x301x84 size:62.7894745MB
voxBW: 10 3
decomposition time: 0.021478 seconds
max load: 50729 avgloadperbox: 9190.45312 avgloadpercore: 147047.25 total load: 588189
Initialization time: 0.006944
mem: 216
compute: 2.043783 seconds
evaluations: 0
time: 2.072609 seconds
