hostname : sth-c4.uncc.edu
bounding: [-180;180]x[7;72]x[5875;5958]
read 588189 observations
res: 0.1 0.1 1 bw: 5 5 14
voxsize: 3601x651x84 size:751.179062MB
voxBW: 50 14
Initialization time: 0.132799
intersect: 3280997
decomposition time: 0.163485 seconds
max load: 269815 avgloadperbox: 2297.61328 avgloadpercore: 73523.625
compute: 70.403925 seconds
evaluations: 157281845164
time: 70.704458 seconds
