hostname : sth-c14.uncc.edu
bounding: [-130;-65]x[20;50]x[5875;5958]
read 588189 observations
res: 0.1 0.1 1 bw: 5 5 14
voxsize: 651x301x84 size:62.7894745MB
voxBW: 50 14
Initialization time: 0.006908
intersect: 4597818
decomposition time: 0.170462 seconds
max load: 232958 avgloadperbox: 9190.45312 avgloadpercore: 147047.25
compute: 115.612013 seconds
evaluations: 165567783658
time: 115.800401 seconds
