hostname : sth-c9.uncc.edu
bounding: [-180;180]x[7;72]x[5875;5958]
read 588189 observations
res: 0.1 0.1 1 bw: 1 1 3
voxsize: 3601x651x84 size:751.179062MB
voxBW: 10 3
Initialization time: 0.352217
intersect: 898768
decomposition time: 0.139075 seconds
max load: 174472 avgloadperbox: 18380.9062 avgloadpercore: 588189
compute: 5.467572 seconds
evaluations: 1404465920
time: 5.960032 seconds
