hostname : sth-c22.uncc.edu
bounding: [-180;180]x[7;72]x[5875;5958]
read 588189 observations
res: 0.1 0.1 1 bw: 2.5 2.5 7
voxsize: 3601x651x84 size:751.179062MB
voxBW: 25 7
Initialization time: 0.170993
intersect: 1523198
decomposition time: 0.175004 seconds
max load: 288682 avgloadperbox: 18380.9062 avgloadpercore: 73523.625
compute: 12.343913 seconds
evaluations: 20186718350
time: 12.696720 seconds
