hostname : sth-c22.uncc.edu
bounding: [-180;180]x[7;72]x[5875;5958]
read 588189 observations
res: 0.1 0.1 1 bw: 2.5 2.5 7
voxsize: 3601x651x84 size:751.179062MB
voxBW: 25 7
Initialization time: 0.169259
intersect: 1989704
decomposition time: 0.228938 seconds
max load: 142763 avgloadperbox: 4595.22656 avgloadpercore: 73523.625
compute: 10.847658 seconds
evaluations: 20188310100
time: 11.253063 seconds
