bounding: [-180;180]x[7;72]x[5875;5958]
read 588189 observations
res: 0.1 0.1 1 bw: 5 5 14
voxsize: 3601x651x84 size:751.179062MB
voxBW: 50 14
Initialization time: 0.164617
adding -96.683671,32.7008104,5876 to -180;-90 23.25;39.5 5875;5958
intersect: 1145932
decomposition time: 0.054402 seconds
max load: 361649 avgloadperbox: 36761.8125 avgloadpercore: 588189
compute: 368.795878 seconds
evaluations: 157282719664
time: 369.015864 seconds
