bounding: [-180;180]x[7;72]x[5875;5958]
read 588189 observations
res: 0.1 0.1 1 bw: 1 1 3
decomposition should allow blocks larger than bandwidth. Adjusting decomposition to 64x64x27
voxsize: 3601x651x84 size:751.179062MB
voxBW: 10 3
Initialization time: 0.099648
decomposition time: 0.031721 seconds
max load: 2823 avgloadperbox: 5.31854926 avgloadpercore: 294094.5 total load: 588189
mem: 126324
compute: 2.164295 seconds
evaluations: 0
time: 2.300771 seconds
