hostname : sth-c14.uncc.edu
bounding: [-130;-65]x[20;50]x[5875;5958]
read 588189 observations
res: 0.1 0.1 1 bw: 5 5 14
voxsize: 651x301x84 size:62.7894745MB
voxBW: 50 14
Initialization time: 0.006923
intersect: 584493
decomposition time: 0.021896 seconds
max load: 584493 avgloadperbox: 588189 avgloadpercore: 73523.625
compute: 382.066261 seconds
evaluations: 163279560735
time: 382.095796 seconds
