hostname : sth-c18.uncc.edu
bounding: [-180;180]x[7;72]x[5875;5958]
read 588189 observations
res: 0.5 0.5 1 bw: 1 1 3
voxsize: 721x131x84 size:30.2653656MB
voxBW: 2 3
Initialization time: 0.003297
intersect: 1159944
decomposition time: 0.055454 seconds
max load: 63783 avgloadperbox: 1148.80664 avgloadpercore: 147047.25
compute: 0.099830 seconds
evaluations: 105935786
time: 0.160416 seconds
