hostname : sth-c22.uncc.edu
bounding: [-180;180]x[7;72]x[5875;5958]
read 588189 observations
res: 0.1 0.1 1 bw: 2.5 2.5 7
voxsize: 3601x651x84 size:751.179062MB
voxBW: 25 7
Initialization time: 0.155734
intersect: 979200
decomposition time: 0.135244 seconds
max load: 461832 avgloadperbox: 73523.625 avgloadpercore: 73523.625
compute: 23.410910 seconds
evaluations: 20186718350
time: 23.703531 seconds
