bounding: [-180;180]x[7;72]x[5875;5958]
read 588189 observations
res: 0.1 0.1 1 bw: 1 1 3
voxsize: 3601x651x84 size:751.179062MB
voxBW: 10 3
Initialization time: 0.099644
decomposition time: 0.020519 seconds
max load: 230706 avgloadperbox: 73523.625 avgloadpercore: 294094.5 total load: 588189
compute: 4.284391 seconds
evaluations: 1404541280
time: 4.406401 seconds
