hostname : sth-c4.uncc.edu
bounding: [-130;-65]x[20;50]x[5875;5958]
read 588189 observations
res: 0.5 0.5 1 bw: 1 1 3
voxsize: 131x61x84 size:2.56059265MB
voxBW: 2 3
Initialization time: 0.001132
intersect: 1058145
decomposition time: 0.050450 seconds
max load: 79696 avgloadperbox: 9190.45312 avgloadpercore: 73523.625
compute: 0.064495 seconds
evaluations: 107786261
time: 0.117826 seconds
