hostname : sth-c2.uncc.edu
bounding: [-180;180]x[7;72]x[5875;5958]
read 588189 observations
res: 0.1 0.1 1 bw: 5 5 14
voxsize: 3601x651x84 size:751.179062MB
voxBW: 50 14
Initialization time: 0.072003
intersect: 1395081
decomposition time: 0.043876 seconds
max load: 464193 avgloadperbox: 73523.625 avgloadpercore: 36761.8125
compute: 160.699398 seconds
evaluations: 157284155464
time: 160.815584 seconds
