hostname : sth-c4.uncc.edu
bounding: [-130;-65]x[20;50]x[5875;5958]
read 588189 observations
res: 0.5 0.5 1 bw: 1 1 3
voxsize: 131x61x84 size:2.56059265MB
voxBW: 2 3
Initialization time: 0.001023
intersect: 1750753
decomposition time: 0.068574 seconds
max load: 36524 avgloadperbox: 1148.80664 avgloadpercore: 294094.5
compute: 0.211797 seconds
evaluations: 106683419
time: 0.284326 seconds
