hostname : sth-c14.uncc.edu
bounding: [-180;180]x[7;72]x[5875;5958]
read 588189 observations
res: 0.5 0.5 1 bw: 1 1 3
voxsize: 721x131x84 size:30.2653656MB
voxBW: 2 3
Initialization time: 0.007449
intersect: 1159832
decomposition time: 0.206544 seconds
max load: 63788 avgloadperbox: 2297.61328 avgloadpercore: 36761.8125
compute: 0.060445 seconds
evaluations: 56109284
time: 0.278784 seconds
