bounding: [-180;180]x[7;72]x[5875;5958]
read 588189 observations
res: 0.5 0.5 1 bw: 1 1 3
voxsize: 721x131x84 size:30.2653656MB
voxBW: 2 3
Initialization time: 0.003712
adding -96.683671,32.7008104,5876 to -180;-90 7;72 5875;5885.375
intersect: 944114
decomposition time: 0.047500 seconds
max load: 114104 avgloadperbox: 18380.9062 avgloadpercore: 73523.625
compute: 0.045717 seconds
evaluations: 56181680
time: 0.099229 seconds
