hostname : sth-c16.uncc.edu
bounding: [-130;-65]x[20;50]x[5875;5958]
read 588189 observations
res: 0.01 0.01 1 bw: 0.5 0.5 3
voxsize: 6501x3001x84 size:6251.51857MB
voxBW: 50 3
Initialization time: 1.383174
intersect: 583613
decomposition time: 0.021562 seconds
max load: 583613 avgloadperbox: 588189 avgloadpercore: 588189
compute: 179.878112 seconds
evaluations: 41392685368
time: 181.283421 seconds
