hostname : sth-c6.uncc.edu
bounding: [-130;-65]x[20;50]x[5875;5958]
read 588189 observations
res: 0.5 0.5 1 bw: 1 1 3
voxsize: 131x61x84 size:2.56059265MB
voxBW: 2 3
decomposition time: 0.022269 seconds
max load: 17350 avgloadperbox: 1148.80664 avgloadpercore: 147047.25 total load: 588189
Initialization time: 0.000866
mem: 1000
compute: 0.074258 seconds
evaluations: 0
time: 0.097708 seconds
