hostname : sth-c14.uncc.edu
bounding: [-130;-65]x[20;50]x[5875;5958]
read 588189 observations
res: 0.1 0.1 1 bw: 5 5 14
voxsize: 651x301x84 size:62.7894745MB
voxBW: 50 14
Initialization time: 0.007086
intersect: 1634149
decomposition time: 0.055013 seconds
max load: 321124 avgloadperbox: 73523.625 avgloadpercore: 147047.25
compute: 157.394809 seconds
evaluations: 164467600529
time: 157.458116 seconds
