hostname : sth-c14.uncc.edu
bounding: [-130;-65]x[20;50]x[5875;5958]
read 588189 observations
res: 0.1 0.1 1 bw: 2.5 2.5 7
voxsize: 651x301x84 size:62.7894745MB
voxBW: 25 7
Initialization time: 0.006725
intersect: 584471
decomposition time: 0.030268 seconds
max load: 584471 avgloadperbox: 588189 avgloadpercore: 73523.625
compute: 56.908432 seconds
evaluations: 22258534021
time: 56.945960 seconds
