bounding: [-180;180]x[7;72]x[5875;5958]
read 588189 observations
res: 0.1 0.1 1 bw: 5 5 14
voxsize: 3601x651x84 size:751.179062MB
voxBW: 50 14
Initialization time: 0.071362
decomposition time: 0.023764 seconds
0,0,0 : 588189
max load: 588189 avgloadperbox: 588189 avgloadpercore: 36761.8125 total load: 588189
mem: 27
compute: 374.240348 seconds
evaluations: 0
time: 374.336150 seconds
