hostname : sth-c14.uncc.edu
bounding: [-180;180]x[7;72]x[5875;5958]
read 588189 observations
res: 0.5 0.5 1 bw: 1 1 3
voxsize: 721x131x84 size:30.2653656MB
voxBW: 2 3
Initialization time: 0.006179
intersect: 606051
decomposition time: 0.104186 seconds
max load: 344764 avgloadperbox: 73523.625 avgloadpercore: 36761.8125
compute: 0.288417 seconds
evaluations: 56181680
time: 0.400143 seconds
