hostname : sth-c24.uncc.edu
bounding: [-180;180]x[7;72]x[5875;5958]
read 588189 observations
res: 0.1 0.1 1 bw: 5 5 14
voxsize: 3601x651x84 size:751.179062MB
voxBW: 50 14
Initialization time: 0.072132
intersect: 378205216
decomposition time: 38.192471 seconds
max load: 130919 avgloadperbox: 2.24376297 avgloadpercore: 36761.8125
compute: 134.787798 seconds
evaluations: 157262064759
time: 173.207939 seconds
