bounding: [-180;180]x[7;72]x[5875;5958]
read 588189 observations
res: 0.1 0.1 1 bw: 5 5 14
voxsize: 3601x651x84 size:751.179062MB
voxBW: 50 14
Initialization time: 0.070850
adding -96.683671,32.7008104,5876 to -135;-90 7;72 5875;5895.75
intersect: 1510114
decomposition time: 0.066232 seconds
max load: 288632 avgloadperbox: 18380.9062 avgloadpercore: 73523.625
compute: 107.276400 seconds
evaluations: 157284155464
time: 107.414369 seconds
