hostname : sth-c22.uncc.edu
bounding: [-180;180]x[7;72]x[5875;5958]
read 588189 observations
res: 0.1 0.1 1 bw: 2.5 2.5 7
voxsize: 3601x651x84 size:751.179062MB
voxBW: 25 7
Initialization time: 0.191549
intersect: 1662885
decomposition time: 0.250226 seconds
max load: 165044 avgloadperbox: 2297.61328 avgloadpercore: 147047.25
compute: 17.562383 seconds
evaluations: 20186718350
time: 18.007441 seconds
