bounding: [-180;180]x[7;72]x[5875;5958]
read 588189 observations
res: 0.1 0.1 1 bw: 5 5 14
decomposition should allow blocks larger than bandwidth. Adjusting decomposition to 16x12x5
voxsize: 3601x651x84 size:751.179062MB
voxBW: 50 14
Initialization time: 0.165752
decomposition time: 0.020496 seconds
max load: 45761 avgloadperbox: 612.696875 avgloadpercore: 588189 total load: 588189
mem: 1764
compute: 367.014291 seconds
evaluations: 0
time: 367.200787 seconds
