hostname : sth-c2.uncc.edu
bounding: [-180;180]x[7;72]x[5875;5958]
read 588189 observations
res: 0.1 0.1 1 bw: 2.5 2.5 7
voxsize: 3601x651x84 size:751.179062MB
voxBW: 25 7
Initialization time: 0.165961
intersect: 1016708
decomposition time: 0.046178 seconds
max load: 378789 avgloadperbox: 73523.625 avgloadpercore: 588189
compute: 58.330843 seconds
evaluations: 22611569595
time: 58.543464 seconds
