bounding: [-180;180]x[7;72]x[5875;5958]
read 588189 observations
res: 0.1 0.1 1 bw: 5 5 14
voxsize: 3601x651x84 size:751.179062MB
voxBW: 50 14
Initialization time: 0.165556
intersect: 699523
decomposition time: 0.041596 seconds
max load: 372264 avgloadperbox: 73523.625 avgloadpercore: 588189
compute: 367.593383 seconds
evaluations: 157284155464
time: 367.800800 seconds
