hostname : sth-c4.uncc.edu
bounding: [-180;180]x[7;72]x[5875;5958]
read 588189 observations
res: 0.1 0.1 1 bw: 5 5 14
voxsize: 3601x651x84 size:751.179062MB
voxBW: 50 14
Initialization time: 0.136802
intersect: 1145932
decomposition time: 0.062879 seconds
max load: 361649 avgloadperbox: 36761.8125 avgloadpercore: 147047.25
compute: 120.691111 seconds
evaluations: 157282719664
time: 120.892096 seconds
