bounding: [-180;180]x[7;72]x[5875;5958]
read 588189 observations
res: 0.1 0.1 1 bw: 1 1 3
voxsize: 3601x651x84 size:751.179062MB
voxBW: 10 3
Initialization time: 0.099229
adding -96.683671,32.7008104,5876 to -180;180 31.375;39.5 5875;5885.375
intersect: 1122267
decomposition time: 0.061370 seconds
max load: 116975 avgloadperbox: 9190.45312 avgloadpercore: 294094.5
compute: 2.990028 seconds
evaluations: 1404465920
time: 3.152310 seconds
