hostname : sth-c22.uncc.edu
bounding: [-180;180]x[7;72]x[5875;5958]
read 588189 observations
res: 0.1 0.1 1 bw: 2.5 2.5 7
voxsize: 3601x651x84 size:751.179062MB
voxBW: 25 7
Initialization time: 0.130126
intersect: 1819989
decomposition time: 0.170154 seconds
max load: 247188 avgloadperbox: 18380.9062 avgloadpercore: 36761.8125
compute: 11.450261 seconds
evaluations: 20188310100
time: 11.758284 seconds
