hostname : sth-c22.uncc.edu
bounding: [-180;180]x[7;72]x[5875;5958]
read 588189 observations
res: 0.1 0.1 1 bw: 2.5 2.5 7
voxsize: 3601x651x84 size:751.179062MB
voxBW: 25 7
Initialization time: 0.211213
intersect: 2391109
decomposition time: 0.117242 seconds
max load: 124099 avgloadperbox: 2297.61328 avgloadpercore: 588189
compute: 68.289664 seconds
evaluations: 20186718350
time: 68.619027 seconds
