bounding: [-180;180]x[7;72]x[5875;5958]
read 588189 observations
res: 0.1 0.1 1 bw: 5 5 14
decomposition should allow blocks larger than bandwidth. Adjusting decomposition to 8x8x5
voxsize: 3601x651x84 size:751.179062MB
voxBW: 50 14
Initialization time: 0.099688
decomposition time: 0.020308 seconds
max load: 48762 avgloadperbox: 1838.09063 avgloadpercore: 294094.5 total load: 588189
mem: 700
compute: 217.949728 seconds
evaluations: 0
time: 218.070284 seconds
