hostname : sth-c13.uncc.edu
bounding: [-130;-65]x[20;50]x[5875;5958]
read 588189 observations
res: 0.1 0.1 1 bw: 2.5 2.5 7
voxsize: 651x301x84 size:62.7894745MB
voxBW: 25 7
Initialization time: 0.006688
intersect: 584471
decomposition time: 0.021380 seconds
max load: 584471 avgloadperbox: 588189 avgloadpercore: 36761.8125
compute: 56.594031 seconds
evaluations: 22258534021
time: 56.622410 seconds
