hostname : sth-c22.uncc.edu
bounding: [-180;180]x[7;72]x[5875;5958]
read 588189 observations
res: 0.1 0.1 1 bw: 2.5 2.5 7
voxsize: 3601x651x84 size:751.179062MB
voxBW: 25 7
Initialization time: 0.222722
intersect: 1069226
decomposition time: 0.200887 seconds
max load: 269045 avgloadperbox: 9190.45312 avgloadpercore: 294094.5
compute: 24.704955 seconds
evaluations: 20186718350
time: 25.131800 seconds
