bounding: [-180;180]x[7;72]x[5875;5958]
read 588189 observations
res: 0.1 0.1 1 bw: 1 1 3
decomposition should allow blocks larger than bandwidth. Adjusting decomposition to 32x32x27
voxsize: 3601x651x84 size:751.179062MB
voxBW: 10 3
Initialization time: 0.071042
decomposition time: 0.025437 seconds
max load: 4320 avgloadperbox: 21.274197 avgloadpercore: 73523.625 total load: 588189
mem: 33524
compute: 0.617468 seconds
evaluations: 0
time: 0.715093 seconds
