hostname : sth-c22.uncc.edu
bounding: [-180;180]x[7;72]x[5875;5958]
read 588189 observations
res: 0.1 0.1 1 bw: 2.5 2.5 7
voxsize: 3601x651x84 size:751.179062MB
voxBW: 25 7
Initialization time: 0.127506
intersect: 1381208
decomposition time: 0.166554 seconds
max load: 187598 avgloadperbox: 9190.45312 avgloadpercore: 36761.8125
compute: 9.312723 seconds
evaluations: 20188310100
time: 9.613142 seconds
