hostname : sth-c4.uncc.edu
bounding: [-180;180]x[7;72]x[5875;5958]
read 588189 observations
res: 0.1 0.1 1 bw: 5 5 14
voxsize: 3601x651x84 size:751.179062MB
voxBW: 50 14
Initialization time: 0.174239
intersect: 2471069
decomposition time: 0.102893 seconds
max load: 280523 avgloadperbox: 4595.22656 avgloadpercore: 588189
compute: 439.764782 seconds
evaluations: 157282719664
time: 440.042611 seconds
