hostname : sth-c14.uncc.edu
bounding: [-130;-65]x[20;50]x[5875;5958]
read 588189 observations
res: 0.1 0.1 1 bw: 5 5 14
voxsize: 651x301x84 size:62.7894745MB
voxBW: 50 14
Initialization time: 0.006644
intersect: 584493
decomposition time: 0.021282 seconds
max load: 584493 avgloadperbox: 588189 avgloadpercore: 147047.25
compute: 381.578646 seconds
evaluations: 163279560735
time: 381.607025 seconds
