hostname : sth-c18.uncc.edu
bounding: [-130;-65]x[20;50]x[5875;5958]
read 588189 observations
res: 0.1 0.1 1 bw: 5 5 14
voxsize: 651x301x84 size:62.7894745MB
voxBW: 50 14
decomposition time: 0.024005 seconds
max load: 588189 avgloadperbox: 588189 avgloadpercore: 36761.8125 total load: 588189
Initialization time: 0.007220
mem: 27
compute: 381.342520 seconds
evaluations: 0
time: 381.374199 seconds
