hostname : sth-c2.uncc.edu
bounding: [-180;180]x[7;72]x[5875;5958]
read 588189 observations
res: 0.1 0.1 1 bw: 5 5 14
voxsize: 3601x651x84 size:751.179062MB
voxBW: 50 14
Initialization time: 0.070436
intersect: 1395081
decomposition time: 0.044595 seconds
max load: 464193 avgloadperbox: 73523.625 avgloadpercore: 73523.625
compute: 157.150199 seconds
evaluations: 157284155464
time: 157.266073 seconds
