bounding: [-180;180]x[7;72]x[5875;5958]
read 588189 observations
res: 0.1 0.1 1 bw: 5 5 14
voxsize: 3601x651x84 size:751.179062MB
voxBW: 50 14
Initialization time: 0.073405
intersect: 3280997
decomposition time: 0.142423 seconds
max load: 269815 avgloadperbox: 2297.61328 avgloadpercore: 147047.25
compute: 122.069883 seconds
evaluations: 157281845164
time: 122.287112 seconds
