hostname : sth-c4.uncc.edu
bounding: [-180;180]x[7;72]x[5875;5958]
read 588189 observations
res: 0.1 0.1 1 bw: 5 5 14
voxsize: 3601x651x84 size:751.179062MB
voxBW: 50 14
Initialization time: 0.158425
intersect: 3280438
decomposition time: 0.149961 seconds
max load: 269838 avgloadperbox: 4595.22656 avgloadpercore: 294094.5
compute: 218.316033 seconds
evaluations: 157281845164
time: 218.627260 seconds
