hostname : sth-c3.uncc.edu
bounding: [-180;180]x[7;72]x[5875;5958]
read 588189 observations
res: 0.1 0.1 1 bw: 5 5 14
voxsize: 3601x651x84 size:751.179062MB
voxBW: 50 14
decomposition time: 0.020218 seconds
max load: 230706 avgloadperbox: 73523.625 avgloadpercore: 73523.625 total load: 588189
Initialization time: 0.073606
mem: 64
compute: 368.224905 seconds
evaluations: 0
time: 368.319364 seconds
