hostname : sth-c1.uncc.edu
bounding: [-180;180]x[7;72]x[5875;5958]
read 588189 observations
res: 0.1 0.1 1 bw: 1 1 3
voxsize: 3601x651x84 size:751.179062MB
voxBW: 10 3
Initialization time: 0.073834
intersect: 588189
decomposition time: 0.031059 seconds
max load: 588189 avgloadperbox: 588189 avgloadpercore: 147047.25
compute: 4.859595 seconds
evaluations: 1803502722
time: 4.965038 seconds
