hostname : sth-c4.uncc.edu
bounding: [-180;180]x[7;72]x[5875;5958]
read 588189 observations
res: 0.1 0.1 1 bw: 5 5 14
voxsize: 3601x651x84 size:751.179062MB
voxBW: 50 14
Initialization time: 0.173960
intersect: 3968807
decomposition time: 0.154308 seconds
max load: 239046 avgloadperbox: 2297.61328 avgloadpercore: 588189
compute: 526.745163 seconds
evaluations: 157282719664
time: 527.074637 seconds
