hostname : sth-c22.uncc.edu
bounding: [-180;180]x[7;72]x[5875;5958]
read 588189 observations
res: 0.1 0.1 1 bw: 2.5 2.5 7
voxsize: 3601x651x84 size:751.179062MB
voxBW: 25 7
Initialization time: 0.351325
intersect: 998763
decomposition time: 0.144037 seconds
max load: 217868 avgloadperbox: 18380.9062 avgloadpercore: 588189
compute: 60.381402 seconds
evaluations: 20189433200
time: 60.877167 seconds
