bounding: [-180;180]x[7;72]x[5875;5958]
read 588189 observations
res: 0.1 0.1 1 bw: 2.5 2.5 7
decomposition should allow blocks larger than bandwidth. Adjusting decomposition to 64x25x11
voxsize: 3601x651x84 size:751.179062MB
voxBW: 25 7
Initialization time: 0.070134
decomposition time: 0.024140 seconds
max load: 10241 avgloadperbox: 33.4198295 avgloadpercore: 36761.8125 total load: 588189
mem: 23166
compute: 4.552067 seconds
evaluations: 0
time: 4.648056 seconds
