bounding: [-180;180]x[7;72]x[5875;5958]
read 588189 observations
res: 0.5 0.5 1 bw: 1 1 3
voxsize: 721x131x84 size:30.2653656MB
voxBW: 2 3
Initialization time: 0.003936
adding -96.683671,32.7008104,5876 to -180;180 7;72 5875;5885.375
intersect: 916218
decomposition time: 0.036263 seconds
max load: 204893 avgloadperbox: 73523.625 avgloadpercore: 36761.8125
compute: 0.059360 seconds
evaluations: 56181680
time: 0.101599 seconds
