hostname : sth-c9.uncc.edu
bounding: [-180;180]x[7;72]x[5875;5958]
read 588189 observations
res: 0.1 0.1 1 bw: 1 1 3
voxsize: 3601x651x84 size:751.179062MB
voxBW: 10 3
Initialization time: 0.127632
intersect: 928573
decomposition time: 0.168607 seconds
max load: 95408 avgloadperbox: 4595.22656 avgloadpercore: 36761.8125
compute: 1.397986 seconds
evaluations: 1404465920
time: 1.697098 seconds
