hostname : sth-c9.uncc.edu
bounding: [-180;180]x[7;72]x[5875;5958]
read 588189 observations
res: 0.1 0.1 1 bw: 1 1 3
voxsize: 3601x651x84 size:751.2MB
voxBW: 10 3
Initialization time: 0.288379
compute: 1.118855 seconds
reduce: 0.445560 seconds
evaluations: 1404541280
time: 1.871030 seconds
