hostname : sth-c2.uncc.edu
bounding: [-180;180]x[7;72]x[5875;5958]
read 588189 observations
res: 0.1 0.1 1 bw: 2.5 2.5 7
voxsize: 3601x651x84 size:751.179062MB
voxBW: 25 7
Initialization time: 0.099973
intersect: 5393811
decomposition time: 0.270411 seconds
max load: 89089 avgloadperbox: 143.60083 avgloadpercore: 294094.5
compute: 48.255138 seconds
evaluations: 20186637150
time: 48.634304 seconds
