hostname : sth-c16.uncc.edu
bounding: [-130;-65]x[20;50]x[5875;5958]
read 588189 observations
res: 0.01 0.01 1 bw: 0.5 0.5 3
voxsize: 6501x3001x84 size:6251.51857MB
voxBW: 50 3
Initialization time: 1.382890
intersect: 887733
decomposition time: 0.050868 seconds
max load: 71067 avgloadperbox: 9190.45312 avgloadpercore: 588189
compute: 155.731856 seconds
evaluations: 41476644259
time: 157.166527 seconds
