hostname : sth-c9.uncc.edu
bounding: [-180;180]x[7;72]x[5875;5958]
read 588189 observations
res: 0.1 0.1 1 bw: 1 1 3
voxsize: 3601x651x84 size:751.179062MB
voxBW: 10 3
Initialization time: 0.220745
intersect: 846694
decomposition time: 0.103052 seconds
max load: 219283 avgloadperbox: 36761.8125 avgloadpercore: 294094.5
compute: 3.339951 seconds
evaluations: 1404540920
time: 3.665760 seconds
