bounding: [-180;180]x[7;72]x[5875;5958]
read 588189 observations
res: 0.1 0.1 1 bw: 5 5 14
voxsize: 3601x651x84 size:751.179062MB
voxBW: 50 14
Initialization time: 0.071003
adding -96.683671,32.7008104,5876 to -135;-90 23.25;39.5 5875;5958
intersect: 1146154
decomposition time: 0.065180 seconds
max load: 361611 avgloadperbox: 18380.9062 avgloadpercore: 73523.625
compute: 137.964811 seconds
evaluations: 157282719664
time: 138.102461 seconds
