hostname : sth-c6.uncc.edu
bounding: [-130;-65]x[20;50]x[5875;5958]
read 588189 observations
res: 0.5 0.5 1 bw: 1 1 3
voxsize: 131x61x84 size:2.56059265MB
voxBW: 2 3
Initialization time: 0.000537
intersect: 1750753
decomposition time: 0.114177 seconds
max load: 36524 avgloadperbox: 1148.80664 avgloadpercore: 73523.625
compute: 0.071262 seconds
evaluations: 106683419
time: 0.186741 seconds
