bounding: [-180;180]x[7;72]x[5875;5958]
read 588189 observations
res: 0.1 0.1 1 bw: 5 5 14
voxsize: 3601x651x84 size:751.179062MB
voxBW: 50 14
Initialization time: 0.073070
intersect: 1510114
decomposition time: 0.061452 seconds
max load: 288632 avgloadperbox: 18380.9062 avgloadpercore: 147047.25
compute: 150.428959 seconds
evaluations: 157284155464
time: 150.564342 seconds
