hostname : sth-c18.uncc.edu
bounding: [-180;180]x[7;72]x[5875;5958]
read 588189 observations
res: 0.5 0.5 1 bw: 1 1 3
voxsize: 721x131x84 size:30.2653656MB
voxBW: 2 3
Initialization time: 0.003780
intersect: 1850120
decomposition time: 0.084834 seconds
max load: 46454 avgloadperbox: 143.60083 avgloadpercore: 73523.625
compute: 0.070005 seconds
evaluations: 106229925
time: 0.159629 seconds
