bounding: [-180;180]x[7;72]x[5875;5958]
read 588189 observations
res: 0.1 0.1 1 bw: 2.5 2.5 7
voxsize: 3601x651x84 size:751.2MB
voxBW: 25 7
Initialization time: 0.312703
compute: 5.800271 seconds
reduce: 1.048772 seconds
evaluations: 20189433200
time: 7.194066 seconds
