hostname : sth-c16.uncc.edu
bounding: [-130;-65]x[20;50]x[5875;5958]
read 588189 observations
res: 0.01 0.01 1 bw: 0.5 0.5 3
voxsize: 6501x3001x84 size:6251.51857MB
voxBW: 50 3
Initialization time: 0.828520
intersect: 5892669
decomposition time: 0.593568 seconds
max load: 9714 avgloadperbox: 17.9501038 avgloadpercore: 294094.5
compute: 141.096514 seconds
evaluations: 41513895826
time: 142.526627 seconds
