bounding: [-180;180]x[7;72]x[5875;5958]
read 588189 observations
res: 0.1 0.1 1 bw: 1 1 3
voxsize: 3601x651x84 size:751.179062MB
voxBW: 10 3
Initialization time: 0.071795
adding -96.683671,32.7008104,5876 to -180;-90 7;72 5875;5885.375
intersect: 944114
decomposition time: 0.047417 seconds
max load: 114104 avgloadperbox: 18380.9062 avgloadpercore: 36761.8125
compute: 0.875140 seconds
evaluations: 1404541280
time: 0.995750 seconds
