hostname : sth-c4.uncc.edu
bounding: [-180;180]x[7;72]x[5875;5958]
read 588189 observations
res: 0.1 0.1 1 bw: 5 5 14
voxsize: 3601x651x84 size:751.179062MB
voxBW: 50 14
Initialization time: 0.136196
intersect: 1270037
decomposition time: 0.040153 seconds
max load: 458058 avgloadperbox: 147047.25 avgloadpercore: 147047.25
compute: 184.244827 seconds
evaluations: 157284155464
time: 184.421373 seconds
