hostname : sth-c22.uncc.edu
bounding: [-180;180]x[7;72]x[5875;5958]
read 588189 observations
res: 0.1 0.1 1 bw: 2.5 2.5 7
voxsize: 3601x651x84 size:751.179062MB
voxBW: 25 7
Initialization time: 0.171507
intersect: 641419
decomposition time: 0.116105 seconds
max load: 352938 avgloadperbox: 73523.625 avgloadpercore: 73523.625
compute: 30.409142 seconds
evaluations: 20189433200
time: 30.699513 seconds
