hostname : sth-c13.uncc.edu
bounding: [-130;-65]x[20;50]x[5875;5958]
read 588189 observations
res: 0.1 0.1 1 bw: 2.5 2.5 7
voxsize: 651x301x84 size:62.7894745MB
voxBW: 25 7
Initialization time: 0.006435
intersect: 16681836
decomposition time: 0.929016 seconds
max load: 42803 avgloadperbox: 143.60083 avgloadpercore: 147047.25
compute: 25.056919 seconds
evaluations: 22608598479
time: 26.022467 seconds
