hostname : sth-c19.uncc.edu
bounding: [-130;-65]x[20;50]x[5875;5958]
read 588189 observations
res: 0.1 0.1 1 bw: 5 5 14
voxsize: 651x301x84 size:62.7894745MB
voxBW: 50 14
Initialization time: 0.008795
intersect: 1634149
decomposition time: 0.060598 seconds
max load: 321124 avgloadperbox: 73523.625 avgloadpercore: 294094.5
compute: 244.361869 seconds
evaluations: 164467600529
time: 244.433203 seconds
