bounding: [-180;180]x[7;72]x[5875;5958]
read 588189 observations
res: 0.1 0.1 1 bw: 1 1 3
voxsize: 3601x651x84 size:751.179062MB
voxBW: 10 3
Initialization time: 0.099945
adding -96.683671,32.7008104,5876 to -135;-90 7;72 5875;5958
intersect: 606051
decomposition time: 0.039508 seconds
max load: 344764 avgloadperbox: 73523.625 avgloadpercore: 294094.5
compute: 2.442822 seconds
evaluations: 1404541280
time: 2.583696 seconds
