hostname : sth-c9.uncc.edu
bounding: [-180;180]x[7;72]x[5875;5958]
read 588189 observations
res: 0.1 0.1 1 bw: 1 1 3
voxsize: 3601x651x84 size:751.179062MB
voxBW: 10 3
Initialization time: 0.167137
intersect: 873944
decomposition time: 0.163722 seconds
max load: 113719 avgloadperbox: 4595.22656 avgloadpercore: 73523.625
compute: 1.584348 seconds
evaluations: 1404540920
time: 1.916728 seconds
