hostname : sth-c22.uncc.edu
bounding: [-180;180]x[7;72]x[5875;5958]
read 588189 observations
res: 0.1 0.1 1 bw: 2.5 2.5 7
voxsize: 3601x651x84 size:751.179062MB
voxBW: 25 7
Initialization time: 0.139725
intersect: 588189
decomposition time: 0.020996 seconds
max load: 588189 avgloadperbox: 588189 avgloadpercore: 294094.5
compute: 51.765945 seconds
evaluations: 20189433200
time: 51.926955 seconds
