bounding: [-180;180]x[7;72]x[5875;5958]
read 588189 observations
res: 0.1 0.1 1 bw: 5 5 14
voxsize: 3601x651x84 size:751.179062MB
voxBW: 50 14
Initialization time: 0.100197
intersect: 2470584
decomposition time: 0.095342 seconds
max load: 280558 avgloadperbox: 9190.45312 avgloadpercore: 294094.5
compute: 224.636478 seconds
evaluations: 157282719664
time: 224.833795 seconds
