hostname : sth-c22.uncc.edu
bounding: [-180;180]x[7;72]x[5875;5958]
read 588189 observations
res: 0.1 0.1 1 bw: 2.5 2.5 7
voxsize: 3601x651x84 size:751.179062MB
voxBW: 25 7
Initialization time: 0.208992
intersect: 1989704
decomposition time: 0.091390 seconds
max load: 142763 avgloadperbox: 4595.22656 avgloadpercore: 588189
compute: 69.021909 seconds
evaluations: 20188310100
time: 69.324912 seconds
