hostname : sth-c4.uncc.edu
bounding: [-180;180]x[7;72]x[5875;5958]
read 588189 observations
res: 0.1 0.1 1 bw: 5 5 14
voxsize: 3601x651x84 size:751.179062MB
voxBW: 50 14
Initialization time: 0.174143
intersect: 1509839
decomposition time: 0.050983 seconds
max load: 288720 avgloadperbox: 36761.8125 avgloadpercore: 588189
compute: 457.930281 seconds
evaluations: 157284155464
time: 458.155957 seconds
