bounding: [-180;180]x[7;72]x[5875;5958]
read 588189 observations
res: 0.1 0.1 1 bw: 2.5 2.5 7
voxsize: 3601x651x84 size:751.179062MB
voxBW: 25 7
Initialization time: 0.099517
decomposition time: 0.020269 seconds
max load: 230706 avgloadperbox: 73523.625 avgloadpercore: 294094.5 total load: 588189
compute: 51.682466 seconds
evaluations: 20189433200
time: 51.802671 seconds
