bounding: [-180;180]x[7;72]x[5875;5958]
read 588189 observations
res: 0.1 0.1 1 bw: 5 5 14
voxsize: 3601x651x84 size:751.179062MB
voxBW: 50 14
Initialization time: 0.071541
intersect: 1146154
decomposition time: 0.065711 seconds
max load: 361611 avgloadperbox: 18380.9062 avgloadpercore: 73523.625
compute: 121.212251 seconds
evaluations: 157282719664
time: 121.350606 seconds
