hostname : sth-c4.uncc.edu
bounding: [-130;-65]x[20;50]x[5875;5958]
read 588189 observations
res: 0.5 0.5 1 bw: 1 1 3
voxsize: 131x61x84 size:2.56059265MB
voxBW: 2 3
Initialization time: 0.000426
intersect: 50672436
decomposition time: 4.212996 seconds
max load: 9578 avgloadperbox: 2.24376297 avgloadpercore: 73523.625
compute: 0.461159 seconds
evaluations: 91607870
time: 4.782708 seconds
