bounding: [-180;180]x[7;72]x[5875;5958]
read 588189 observations
res: 0.1 0.1 1 bw: 5 5 14
voxsize: 3601x651x84 size:751.179062MB
voxBW: 50 14
Initialization time: 0.071316
intersect: 588189
decomposition time: 0.021766 seconds
max load: 588189 avgloadperbox: 588189 avgloadpercore: 36761.8125
compute: 374.793297 seconds
evaluations: 157284155464
time: 374.886880 seconds
