bounding: [-180;180]x[7;72]x[5875;5958]
read 588189 observations
res: 0.1 0.1 1 bw: 5 5 14
voxsize: 3601x651x84 size:751.179062MB
voxBW: 50 14
Initialization time: 0.072100
intersect: 3324758
decomposition time: 0.108699 seconds
max load: 372703 avgloadperbox: 18380.9062 avgloadpercore: 36761.8125
compute: 73.441111 seconds
evaluations: 157282719664
time: 73.624482 seconds
