bounding: [-180;180]x[7;72]x[5875;5958]
read 588189 observations
res: 0.1 0.1 1 bw: 1 1 3
voxsize: 3601x651x84 size:751.179062MB
voxBW: 10 3
Initialization time: 0.165797
adding -96.683671,32.7008104,5876 to -180;-90 31.375;39.5 5875;5958
intersect: 744793
decomposition time: 0.052964 seconds
max load: 201285 avgloadperbox: 18380.9062 avgloadpercore: 588189
compute: 4.870559 seconds
evaluations: 1404465920
time: 5.091128 seconds
