hostname : sth-c2.uncc.edu
bounding: [-180;180]x[7;72]x[5875;5958]
read 588189 observations
res: 0.1 0.1 1 bw: 5 5 14
voxsize: 3601x651x84 size:751.2MB
voxBW: 50 14
Initialization time: 0.187822
compute: 145.286370 seconds
reduce: 0.169686 seconds
evaluations: 165700270408
time: 145.650158 seconds
