hostname : sth-c2.uncc.edu
bounding: [1053872.965;1068485.726]x[860186.8419;879395.9741]x[3;730]
read 11056 observations
res: 100 100 1 bw: 500 500 7
voxsize: 148x194x728 size:79.736084MB
voxBW: 5 7
decomposition time: 0.000615 seconds
max load: 313 avgloadperbox: 21.59375 avgloadpercore: 2764 total load: 11056
Initialization time: 0.008320
mem: 1000
compute: 0.013368 seconds
evaluations: 0
time: 0.022459 seconds
