hostname : sth-c1.uncc.edu
bounding: [1053872.965;1068485.726]x[860186.8419;879395.9741]x[3;730]
read 11056 observations
res: 100 100 1 bw: 250 250 1
voxsize: 148x194x728 size:79.736084MB
voxBW: 3 1
decomposition time: 0.000612 seconds
max load: 313 avgloadperbox: 21.59375 avgloadpercore: 1382 total load: 11056
Initialization time: 0.008227
mem: 1000
compute: 0.002275 seconds
evaluations: 0
time: 0.011271 seconds
