hostname : sth-c6.uncc.edu
bounding: [1053872.965;1068485.726]x[860186.8419;879395.9741]x[3;730]
read 11056 observations
res: 50 50 1 bw: 2500 2500 14
voxsize: 294x386x728 size:315.156372MB
voxBW: 50 14
Initialization time: 0.042225
intersect: 11056
decomposition time: 0.000538 seconds
max load: 11056 avgloadperbox: 11056 avgloadpercore: 5528
compute: 7.349621 seconds
evaluations: 3159635318
time: 7.392522 seconds
