hostname : sth-c5.uncc.edu
bounding: [1053872.965;1068485.726]x[860186.8419;879395.9741]x[3;730]
read 11056 observations
res: 50 50 1 bw: 2500 2500 1
voxsize: 294x386x728 size:315.156372MB
voxBW: 50 1
Initialization time: 0.069994
intersect: 26098
decomposition time: 0.001071 seconds
max load: 7269 avgloadperbox: 1382 avgloadpercore: 11056
compute: 2.044311 seconds
evaluations: 328610596
time: 2.115488 seconds
