hostname : sth-c4.uncc.edu
bounding: [1053872.965;1068485.726]x[860186.8419;879395.9741]x[3;730]
read 11056 observations
res: 50 50 1 bw: 100 100 1
voxsize: 294x386x728 size:315.156372MB
voxBW: 2 1
decomposition time: 0.000390 seconds
max load: 11056 avgloadperbox: 11056 avgloadpercore: 1382 total load: 11056
Initialization time: 0.029970
mem: 27
compute: 0.009198 seconds
evaluations: 0
time: 0.039683 seconds
