hostname : sth-c1.uncc.edu
bounding: [-89;89]x[-180;180]x[71836;79136]
read 291990435 observations
res: 0.5 0.5 3 bw: 1 1 7
voxsize: 357x721x2435 size:2390.90612MB
voxBW: 2 3
decomposition time: 11.605458 seconds
max load: 63131718 avgloadperbox: 570293.818 avgloadpercore: 36498804.4 total load: 291990435
Initialization time: 0.273607
mem: 1000
compute: 83.527071 seconds
evaluations: 0
time: 95.425331 seconds
