hostname : sth-c18.uncc.edu
bounding: [-89;89]x[-180;180]x[71836;79136]
read 291990435 observations
res: 0.5 0.5 3 bw: 1 1 7
voxsize: 357x721x2435 size:2390.90612MB
voxBW: 2 3
Initialization time: 0.529171
intersect: 324072026
decomposition time: 19.968230 seconds
max load: 68285897 avgloadperbox: 570293.818 avgloadpercore: 291990435
compute: 131.071692 seconds
evaluations: 50971101864
time: 151.601342 seconds
