hostname : sth-c18.uncc.edu
bounding: [-89;89]x[-180;180]x[71836;79136]
read 291990435 observations
res: 0.5 0.5 3 bw: 1 1 7
voxsize: 357x721x2435 size:2390.90612MB
voxBW: 2 3
Initialization time: 0.529412
intersect: 319437178
decomposition time: 18.811923 seconds
max load: 115179648 avgloadperbox: 4562350.55 avgloadpercore: 291990435
compute: 131.049251 seconds
evaluations: 50975708365
time: 150.407409 seconds
