hostname : sth-c15.uncc.edu
bounding: [-89;89]x[-180;180]x[71836;79136]
read 291990435 observations
res: 0.5 0.5 3 bw: 3 3 14
voxsize: 357x721x2435 size:2390.90612MB
voxBW: 6 5
Initialization time: 0.316838
intersect: 1001250886
decomposition time: 56.822780 seconds
max load: 13101433 avgloadperbox: 8910.84091 avgloadpercore: 145995218
compute: 604.861041 seconds
evaluations: 545895644044
time: 662.077802 seconds
