hostname : sth-c18.uncc.edu
bounding: [-89;89]x[-180;180]x[71836;79136]
read 291990435 observations
res: 0.1 0.1 3 bw: 3 3 14
voxsize: 1781x3601x2435 size:59572.5355MB
voxBW: 30 5
Initialization time: 5.517160
intersect: 541611156
decomposition time: 34.319507 seconds
max load: 35009286 avgloadperbox: 71286.7273 avgloadpercore: 18249402.2
compute: 3988.097989 seconds
evaluations: 11728597398023
time: 4027.990688 seconds
