hostname : sth-c13.uncc.edu
bounding: [-89;89]x[-180;180]x[71836;79136]
read 291990435 observations
res: 0.1 0.1 3 bw: 3 3 14
voxsize: 1781x3601x2435 size:59572.5355MB
voxBW: 30 5
Initialization time: 5.655059
intersect: 409700502
decomposition time: 21.814093 seconds
max load: 123073882 avgloadperbox: 4562350.55 avgloadpercore: 36498804.4
compute: 12236.467074 seconds
evaluations: 11717852908896
time: 12263.962104 seconds
