hostname : sth-c3.uncc.edu
bounding: [-89;89]x[-180;180]x[71836;79136]
read 291990435 observations
res: 0.5 0.5 3 bw: 1 1 7
voxsize: 357x721x2435 size:2391MB
voxBW: 2 3
Initialization time: 0.967395
compute: 11.349741 seconds
reduce: 3.780416 seconds
evaluations: 49802029740
time: 16.198618 seconds
