hostname : sth-c11.uncc.edu
bounding: [-89;89]x[-180;180]x[71836;79136]
read 291990435 observations
res: 0.1 0.1 3 bw: 1 1 7
voxsize: 1781x3601x2435 size:59572.5355MB
voxBW: 10 3
Initialization time: 13.339568
intersect: 284734247
decomposition time: 17.328512 seconds
max load: 284734247 avgloadperbox: 291990435 avgloadpercore: 291990435
compute: 2257.779303 seconds
evaluations: 878503337607
time: 2288.459942 seconds
