hostname : sth-c1.uncc.edu
bounding: [-89;89]x[-180;180]x[71836;79136]
read 291990435 observations
res: 0.5 0.5 3 bw: 1 1 7
voxsize: 357x721x2435 size:2390.90612MB
voxBW: 2 3
decomposition time: 10.593852 seconds
max load: 248974249 avgloadperbox: 36498804.4 avgloadpercore: 145995218 total load: 291990435
Initialization time: 0.315463
mem: 64
compute: 129.955205 seconds
evaluations: 0
time: 140.878495 seconds
