hostname : sth-c20.uncc.edu
bounding: [-89;89]x[-180;180]x[71836;79136]
read 291990435 observations
res: 0.1 0.1 3 bw: 1 1 7
voxsize: 1781x3601x2435 size:59572.5355MB
voxBW: 10 3
Initialization time: 5.480471
intersect: 363028366
decomposition time: 24.114321 seconds
max load: 30605517 avgloadperbox: 71286.7273 avgloadpercore: 36498804.4
compute: 374.395399 seconds
evaluations: 883812284922
time: 404.018357 seconds
