hostname : sth-c2.uncc.edu
bounding: [-89;89]x[-180;180]x[71836;79136]
read 291990435 observations
res: 0.5 0.5 3 bw: 3 3 14
voxsize: 357x721x2435 size:2391MB
voxBW: 6 5
Initialization time: 0.571471
evaluations: 311000197863
time: 6969.186616 seconds
