hostname : sth-c12.uncc.edu
bounding: [-89;89]x[-180;180]x[71836;79136]
read 291990435 observations
res: 0.1 0.1 3 bw: 3 3 14
voxsize: 1781x3601x2435 size:59572.5355MB
voxBW: 30 5
decomposition time: 10.752519 seconds
max load: 107380363 avgloadperbox: 4562350.55 avgloadpercore: 36498804.4 total load: 291990435
Initialization time: 5.452264
mem: 216
compute: 30009.271199 seconds
evaluations: 0
time: 30025.498276 seconds
