hostname : sth-c1.uncc.edu
bounding: [-89;89]x[-180;180]x[71836;79136]
read 291990435 observations
res: 0.5 0.5 3 bw: 1 1 7
voxsize: 357x721x2435 size:2390.90612MB
voxBW: 2 3
decomposition time: 13.342537 seconds
max load: 27302857 avgloadperbox: 71286.7273 avgloadpercore: 18249402.2 total load: 291990435
Initialization time: 0.261920
mem: 5832
compute: 37.808730 seconds
evaluations: 0
time: 51.433545 seconds
