hostname : sth-c11.uncc.edu
bounding: [-89;89]x[-180;180]x[71836;79136]
read 291990435 observations
res: 0.1 0.1 3 bw: 1 1 7
voxsize: 1781x3601x2435 size:59572.5355MB
voxBW: 10 3
decomposition time: 10.529324 seconds
max load: 248974249 avgloadperbox: 36498804.4 avgloadpercore: 291990435 total load: 291990435
Initialization time: 13.446838
mem: 64
compute: 2279.842461 seconds
evaluations: 0
time: 2303.836538 seconds
