hostname : sth-c13.uncc.edu
bounding: [-89;89]x[-180;180]x[71836;79136]
read 291990435 observations
res: 0.1 0.1 3 bw: 3 3 14
voxsize: 1781x3601x2435 size:59572.5355MB
voxBW: 30 5
Initialization time: 5.479130
intersect: 541611156
decomposition time: 34.119966 seconds
max load: 35009286 avgloadperbox: 71286.7273 avgloadpercore: 36498804.4
compute: 5387.395118 seconds
evaluations: 11728597398023
time: 5427.061218 seconds
