hostname : sth-c15.uncc.edu
bounding: [-89;89]x[-180;180]x[71836;79136]
read 291990435 observations
res: 0.5 0.5 3 bw: 3 3 14
voxsize: 357x721x2435 size:2390.90612MB
voxBW: 6 5
Initialization time: 0.316220
intersect: 423339830
decomposition time: 24.318670 seconds
max load: 73958534 avgloadperbox: 570293.818 avgloadpercore: 145995218
compute: 567.990214 seconds
evaluations: 544627752047
time: 592.658912 seconds
