hostname : sth-c3.uncc.edu
bounding: [-89;89]x[-180;180]x[71836;79136]
read 291990435 observations
res: 0.5 0.5 3 bw: 1 1 7
voxsize: 357x721x2435 size:2391MB
voxBW: 2 3
Initialization time: 0.576057
evaluations: 17875707255
time: 396.810772 seconds
