hostname : sth-c1.uncc.edu
bounding: [-89;89]x[-180;180]x[71836;79136]
read 291990435 observations
res: 0.5 0.5 3 bw: 1 1 7
voxsize: 357x721x2435 size:2390.90612MB
voxBW: 2 3
decomposition time: 10.593062 seconds
max load: 248974249 avgloadperbox: 36498804.4 avgloadpercore: 36498804.4 total load: 291990435
Initialization time: 0.220267
mem: 64
compute: 130.348101 seconds
evaluations: 0
time: 141.176309 seconds
