hostname : sth-c1.uncc.edu
bounding: [-89;89]x[-180;180]x[71836;79136]
read 291990435 observations
res: 0.5 0.5 3 bw: 1 1 7
voxsize: 357x721x2435 size:2390.90612MB
voxBW: 2 3
decomposition time: 14.318714 seconds
max load: 7765261 avgloadperbox: 8910.84091 avgloadpercore: 72997608.8 total load: 291990435
Initialization time: 0.234275
mem: 39304
compute: 33.267874 seconds
evaluations: 0
time: 47.833586 seconds
