hostname : sth-c15.uncc.edu
bounding: [-39;77]x[-159;148]x[0;5950]
read 31478 observations
res: 0.5 0.5 3 bw: 1 1 7
voxsize: 233x615x1985 size:1085MB
voxBW: 2 3
Initialization time: 0.348782
compute: 0.001049 seconds
reduce: 0.323112 seconds
evaluations: 5507840
time: 0.692893 seconds
