hostname : sth-c16.uncc.edu
bounding: [-39;77]x[-159;148]x[0;5950]
read 31478 observations
res: 0.2 0.2 1 bw: 1 1 7
voxsize: 581x1536x5951 size:20258.9707MB
voxBW: 5 7
Initialization time: 4.485249
intersect: 31546
decomposition time: 0.001845 seconds
max load: 17199 avgloadperbox: 3934.75 avgloadpercore: 31478
compute: 0.134471 seconds
evaluations: 57131822
time: 4.621717 seconds
