hostname : sth-c17.uncc.edu
bounding: [-39;77]x[-159;148]x[0;5950]
read 31478 observations
res: 0.2 0.2 1 bw: 1 1 7
voxsize: 581x1536x5951 size:20258.9707MB
voxBW: 5 7
decomposition time: 0.001175 seconds
max load: 3996 avgloadperbox: 491.84375 avgloadpercore: 3934.75 total load: 31478
Initialization time: 1.877481
mem: 216
compute: 0.063341 seconds
evaluations: 0
time: 1.942132 seconds
