hostname : sth-c13.uncc.edu
bounding: [-39;77]x[-159;148]x[0;5950]
read 31478 observations
res: 1 1 7 bw: 2 2 21
voxsize: 117x308x851 size:116.983932MB
voxBW: 2 3
Initialization time: 0.011699
intersect: 31663
decomposition time: 0.001805 seconds
max load: 17241 avgloadperbox: 3934.75 avgloadpercore: 3934.75
compute: 0.008218 seconds
evaluations: 5511705
time: 0.021898 seconds
