hostname : sth-c17.uncc.edu
bounding: [-39;77]x[-159;148]x[0;5950]
read 31478 observations
res: 0.2 0.2 1 bw: 1 1 7
voxsize: 581x1536x5951 size:20258.9707MB
voxBW: 5 7
decomposition time: 0.001098 seconds
max load: 31478 avgloadperbox: 31478 avgloadpercore: 3934.75 total load: 31478
Initialization time: 1.880477
mem: 27
compute: 0.165426 seconds
evaluations: 0
time: 2.047189 seconds
