hostname : sth-c18.uncc.edu
bounding: [-180;180]x[7;72]x[5875;5958]
read 588189 observations
res: 0.5 0.5 1 bw: 1 1 3
voxsize: 721x131x84 size:30.2653656MB
voxBW: 2 3
Initialization time: 0.003762
intersect: 13421548
decomposition time: 0.667345 seconds
max load: 15246 avgloadperbox: 2.24376297 avgloadpercore: 73523.625
compute: 0.221870 seconds
evaluations: 102691892
time: 0.906786 seconds
