hostname : sth-c13.uncc.edu
bounding: [-130;-65]x[20;50]x[5875;5958]
read 588189 observations
res: 0.1 0.1 1 bw: 1 1 3
voxsize: 651x301x84 size:62.7894745MB
voxBW: 10 3
Initialization time: 0.006535
intersect: 4026966
decomposition time: 0.137946 seconds
max load: 20824 avgloadperbox: 143.60083 avgloadpercore: 147047.25
compute: 2.141464 seconds
evaluations: 1814562418
time: 2.289725 seconds
