hostname : sth-c14.uncc.edu
bounding: [-130;-65]x[20;50]x[5875;5958]
read 588189 observations
res: 0.1 0.1 1 bw: 5 5 14
voxsize: 651x301x84 size:62.79MB
voxBW: 50 14
Initialization time: 0.014870
compute: 382.550832 seconds
evaluations: 163279561815
time: 382.565805 seconds
