hostname : sth-c20.uncc.edu
bounding: [-180;180]x[7;72]x[5875;5958]
read 588189 observations
res: 0.1 0.1 1 bw: 1 1 3
voxsize: 3601x651x84 size:751.179062MB
voxBW: 10 3
decomposition time: 0.023366 seconds
max load: 588189 avgloadperbox: 588189 avgloadpercore: 73523.625 total load: 588189
Initialization time: 0.070010
mem: 27
compute: 4.898158 seconds
evaluations: 0
time: 4.992100 seconds
