hostname : sth-c2.uncc.edu
bounding: [-180;180]x[7;72]x[5875;5958]
read 588189 observations
res: 0.1 0.1 1 bw: 2.5 2.5 7
voxsize: 3601x651x84 size:751.179062MB
voxBW: 25 7
Initialization time: 0.100333
intersect: 1016708
decomposition time: 0.048006 seconds
max load: 378789 avgloadperbox: 73523.625 avgloadpercore: 294094.5
compute: 35.043174 seconds
evaluations: 22611569595
time: 35.193597 seconds
