hostname : sth-c14.uncc.edu
bounding: [-130;-65]x[20;50]x[5875;5958]
read 588189 observations
res: 0.1 0.1 1 bw: 2.5 2.5 7
voxsize: 651x301x84 size:62.7894745MB
voxBW: 25 7
Initialization time: 0.006280
intersect: 2134599
decomposition time: 0.080320 seconds
max load: 128196 avgloadperbox: 9190.45312 avgloadpercore: 73523.625
compute: 11.083535 seconds
evaluations: 22620219943
time: 11.174381 seconds
