hostname : sth-c19.uncc.edu
bounding: [-130;-65]x[20;50]x[5875;5958]
read 588189 observations
res: 0.1 0.1 1 bw: 5 5 14
voxsize: 651x301x84 size:62.7894745MB
voxBW: 50 14
Initialization time: 0.008907
intersect: 78457114
decomposition time: 5.123990 seconds
max load: 128065 avgloadperbox: 143.60083 avgloadpercore: 294094.5
compute: 334.203630 seconds
evaluations: 165528910474
time: 339.342511 seconds
