hostname : sth-c19.uncc.edu
bounding: [-130;-65]x[20;50]x[5875;5958]
read 588189 observations
res: 0.1 0.1 1 bw: 5 5 14
voxsize: 651x301x84 size:62.7894745MB
voxBW: 50 14
Initialization time: 0.007064
intersect: 1634149
decomposition time: 0.061928 seconds
max load: 321124 avgloadperbox: 73523.625 avgloadpercore: 36761.8125
compute: 117.104732 seconds
evaluations: 164467600529
time: 117.177253 seconds
