hostname : sth-c13.uncc.edu
bounding: [-130;-65]x[20;50]x[5875;5958]
read 588189 observations
res: 0.1 0.1 1 bw: 2.5 2.5 7
voxsize: 651x301x84 size:62.7894745MB
voxBW: 25 7
decomposition time: 0.021028 seconds
max load: 174718 avgloadperbox: 73523.625 avgloadpercore: 36761.8125 total load: 588189
Initialization time: 0.008517
mem: 64
compute: 57.365382 seconds
evaluations: 0
time: 57.395121 seconds
