hostname : sth-c14.uncc.edu
bounding: [-130;-65]x[20;50]x[5875;5958]
read 588189 observations
res: 0.1 0.1 1 bw: 2.5 2.5 7
voxsize: 651x301x84 size:62.7894745MB
voxBW: 25 7
Initialization time: 0.007069
intersect: 79161954
decomposition time: 6.202106 seconds
max load: 33378 avgloadperbox: 17.9501038 avgloadpercore: 73523.625
compute: 21.502914 seconds
evaluations: 22595726497
time: 27.747686 seconds
