hostname : sth-c13.uncc.edu
bounding: [-130;-65]x[20;50]x[5875;5958]
read 588189 observations
res: 0.1 0.1 1 bw: 1 1 3
voxsize: 651x301x84 size:62.7894745MB
voxBW: 10 3
Initialization time: 0.006789
intersect: 1058145
decomposition time: 0.050407 seconds
max load: 79696 avgloadperbox: 9190.45312 avgloadpercore: 147047.25
compute: 1.537148 seconds
evaluations: 1817343261
time: 1.596279 seconds
