hostname : sth-c2.uncc.edu
bounding: [-180;180]x[7;72]x[5875;5958]
read 588189 observations
res: 0.1 0.1 1 bw: 2.5 2.5 7
voxsize: 3601x651x84 size:751.179062MB
voxBW: 25 7
Initialization time: 0.072017
intersect: 1016708
decomposition time: 0.045759 seconds
max load: 378789 avgloadperbox: 73523.625 avgloadpercore: 36761.8125
compute: 23.775219 seconds
evaluations: 22611569595
time: 23.893328 seconds
