hostname : sth-c2.uncc.edu
bounding: [-180;180]x[7;72]x[5875;5958]
read 588189 observations
res: 0.1 0.1 1 bw: 2.5 2.5 7
voxsize: 3601x651x84 size:751.179062MB
voxBW: 25 7
Initialization time: 0.072462
intersect: 2391383
decomposition time: 0.078931 seconds
max load: 124094 avgloadperbox: 1148.80664 avgloadpercore: 36761.8125
compute: 6.477292 seconds
evaluations: 22648773517
time: 6.634858 seconds
