hostname : sth-c4.uncc.edu
bounding: [-130;-65]x[20;50]x[5875;5958]
read 588189 observations
res: 0.5 0.5 1 bw: 1 1 3
voxsize: 131x61x84 size:2.56059265MB
voxBW: 2 3
Initialization time: 0.000870
intersect: 50672436
decomposition time: 4.069718 seconds
max load: 9578 avgloadperbox: 2.24376297 avgloadpercore: 147047.25
compute: 0.795742 seconds
evaluations: 91607870
time: 4.975572 seconds
