hostname : sth-c6.uncc.edu
bounding: [-130;-65]x[20;50]x[5875;5958]
read 588189 observations
res: 0.5 0.5 1 bw: 1 1 3
voxsize: 131x61x84 size:2.56059265MB
voxBW: 2 3
decomposition time: 0.022540 seconds
max load: 17350 avgloadperbox: 1148.80664 avgloadpercore: 294094.5 total load: 588189
Initialization time: 0.001101
mem: 1000
compute: 0.137788 seconds
evaluations: 0
time: 0.161691 seconds
