hostname : sth-c4.uncc.edu
bounding: [-130;-65]x[20;50]x[5875;5958]
read 588189 observations
res: 0.5 0.5 1 bw: 1 1 3
voxsize: 131x61x84 size:2.56059265MB
voxBW: 2 3
Initialization time: 0.001245
intersect: 583614
decomposition time: 0.030481 seconds
max load: 583614 avgloadperbox: 588189 avgloadpercore: 36761.8125
compute: 0.262846 seconds
evaluations: 101442850
time: 0.295007 seconds
