hostname : sth-c16.uncc.edu
bounding: [-130;-65]x[20;50]x[5875;5958]
read 588189 observations
res: 0.01 0.01 1 bw: 0.5 0.5 3
voxsize: 6501x3001x84 size:6251.51857MB
voxBW: 50 3
decomposition time: 0.022610 seconds
max load: 17350 avgloadperbox: 1148.80664 avgloadpercore: 73523.625 total load: 588189
Initialization time: 0.584282
mem: 1000
compute: 24.951266 seconds
evaluations: 0
time: 25.558595 seconds
