hostname : sth-c5.uncc.edu
bounding: [-130;-65]x[20;50]x[5875;5958]
read 588189 observations
res: 0.01 0.01 1 bw: 0.5 0.5 3
voxsize: 6501x3001x84 size:6251.51857MB
voxBW: 50 3
Initialization time: 1.385573
intersect: 712430
decomposition time: 0.038050 seconds
max load: 195686 avgloadperbox: 73523.625 avgloadpercore: 588189
compute: 162.155492 seconds
evaluations: 41427776689
time: 163.580656 seconds
