hostname : sth-c18.uncc.edu
bounding: [-180;180]x[7;72]x[5875;5958]
read 588189 observations
res: 0.5 0.5 1 bw: 1 1 3
voxsize: 721x131x84 size:30.2653656MB
voxBW: 2 3
Initialization time: 0.003552
intersect: 873870
decomposition time: 0.043977 seconds
max load: 113769 avgloadperbox: 9190.45312 avgloadpercore: 147047.25
compute: 0.091173 seconds
evaluations: 106054494
time: 0.140090 seconds
