hostname : sth-c13.uncc.edu
bounding: [-130;-65]x[20;50]x[5875;5958]
read 588189 observations
res: 0.1 0.1 1 bw: 1 1 3
voxsize: 651x301x84 size:62.7894745MB
voxBW: 10 3
Initialization time: 0.007298
intersect: 583614
decomposition time: 0.030048 seconds
max load: 583614 avgloadperbox: 588189 avgloadpercore: 36761.8125
compute: 4.859163 seconds
evaluations: 1789439001
time: 4.897053 seconds
