hostname : sth-c3.uncc.edu
bounding: [-130;-65]x[20;50]x[5875;5958]
read 588189 observations
res: 0.01 0.01 1 bw: 1 1 3
voxsize: 6501x3001x84 size:6251.51857MB
voxBW: 100 3
Initialization time: 0.583541
intersect: 4026966
decomposition time: 0.138224 seconds
max load: 20824 avgloadperbox: 143.60083 avgloadpercore: 73523.625
compute: 107.915898 seconds
evaluations: 164437209208
time: 108.640073 seconds
