hostname : sth-c13.uncc.edu
bounding: [-130;-65]x[20;50]x[5875;5958]
read 588189 observations
res: 0.1 0.1 1 bw: 2.5 2.5 7
voxsize: 651x301x84 size:62.7894745MB
voxBW: 25 7
decomposition time: 0.024345 seconds
max load: 588189 avgloadperbox: 588189 avgloadpercore: 294094.5 total load: 588189
Initialization time: 0.008966
mem: 27
compute: 56.964237 seconds
evaluations: 0
time: 56.997890 seconds
