hostname : sth-c4.uncc.edu
bounding: [-130;-65]x[20;50]x[5875;5958]
read 588189 observations
res: 0.5 0.5 1 bw: 1 1 3
voxsize: 131x61x84 size:2.56059265MB
voxBW: 2 3
Initialization time: 0.000856
intersect: 4026966
decomposition time: 0.139135 seconds
max load: 20824 avgloadperbox: 143.60083 avgloadpercore: 147047.25
compute: 0.152076 seconds
evaluations: 104660835
time: 0.293218 seconds
