hostname : sth-c6.uncc.edu
bounding: [-130;-65]x[20;50]x[5875;5958]
read 588189 observations
res: 0.5 0.5 1 bw: 1 1 3
voxsize: 131x61x84 size:2.56059265MB
voxBW: 2 3
decomposition time: 0.021380 seconds
max load: 50729 avgloadperbox: 9190.45312 avgloadpercore: 73523.625 total load: 588189
Initialization time: 0.001884
mem: 216
compute: 0.117008 seconds
evaluations: 0
time: 0.140400 seconds
