hostname : sth-c14.uncc.edu
bounding: [-130;-65]x[20;50]x[5875;5958]
read 588189 observations
res: 0.1 0.1 1 bw: 5 5 14
voxsize: 651x301x84 size:62.79MB
voxBW: 50 14
Initialization time: 0.015257
compute: 583.159507 seconds
evaluations: 0
time: 583.174886 seconds
