hostname : sth-c3.uncc.edu
bounding: [-130;-65]x[20;50]x[5875;5958]
read 588189 observations
res: 0.01 0.01 1 bw: 1 1 3
voxsize: 6501x3001x84 size:6251.51857MB
voxBW: 100 3
Initialization time: 0.822004
intersect: 583614
decomposition time: 0.030291 seconds
max load: 583614 avgloadperbox: 588189 avgloadpercore: 294094.5
compute: 768.046837 seconds
evaluations: 163934121444
time: 768.899649 seconds
