hostname : sth-c1.uncc.edu
bounding: [-180;180]x[7;72]x[5875;5958]
read 588189 observations
res: 0.1 0.1 1 bw: 2.5 2.5 7
voxsize: 3601x651x84 size:751.2MB
voxBW: 25 7
Initialization time: 0.182263
compute: 31.975059 seconds
reduce: 0.180983 seconds
evaluations: 22446891885
time: 32.340778 seconds
