hostname : cph-c47.uncc.edu
bounding: [1053872.965;1068485.726]x[860186.8419;879395.9741]x[3;730]
read 11056 observations
res: 50 50 1 bw: 2500 2500 1
voxsize: 294x386x728 size:315.156372MB
voxBW: 50 1
Initialization time: 0.074071
intersect: 26098
decomposition time: 0.001134 seconds
max load: 7269 avgloadperbox: 1382 avgloadpercore: 11056
compute: 2.013873 seconds
evaluations: 328610596
time: 2.089204 seconds
