hostname : cph-c52.uncc.edu
bounding: [1053872.965;1068485.726]x[860186.8419;879395.9741]x[3;730]
read 11056 observations
res: 100 100 1 bw: 250 250 1
voxsize: 148x194x728 size:79.736084MB
voxBW: 3 1
Initialization time: 0.013667
intersect: 110887
decomposition time: 0.023936 seconds
max load: 27 avgloadperbox: 0.042175293 avgloadpercore: 691
compute: 0.044124 seconds
evaluations: 1354027
time: 0.089339 seconds
