hostname : cph-c52.uncc.edu
bounding: [1053872.965;1068485.726]x[860186.8419;879395.9741]x[3;730]
read 11056 observations
res: 100 100 1 bw: 250 250 1
voxsize: 148x194x728 size:79.74MB
voxBW: 3 1
Initialization time: 0.02736
compute: 0.000622 seconds
reduce: 0.07695 seconds
evaluations: 1624413
time: 0.110761 seconds
