hostname : cph-c44.uncc.edu
bounding: [1053872.965;1068485.726]x[860186.8419;879395.9741]x[3;730]
read 11056 observations
res: 100 100 1 bw: 500 500 7
voxsize: 148x194x728 size:79.736084MB
voxBW: 5 7
Initialization time: 0.026365
intersect: 25493
decomposition time: 0.003317 seconds
max load: 526 avgloadperbox: 21.59375 avgloadpercore: 691
compute: 0.01019 seconds
evaluations: 19867923
time: 0.040529 seconds
