hostname : cph-c44.uncc.edu
bounding: [1053872.965;1068485.726]x[860186.8419;879395.9741]x[3;730]
read 11056 observations
res: 100 100 1 bw: 500 500 7
voxsize: 148x194x728 size:79.736084MB
voxBW: 5 7
decomposition time: 0.000789 seconds
max load: 4205 avgloadperbox: 1382 avgloadpercore: 691 total load: 11056
Initialization time: 0.022645
mem: 64
compute: 0.090613 seconds
evaluations: 0
time: 0.114257 seconds
