hostname : cph-c48.uncc.edu
bounding: [1053872.965;1068485.726]x[860186.8419;879395.9741]x[3;730]
read 11056 observations
res: 50 50 1 bw: 2500 2500 14
voxsize: 294x386x728 size:315.156372MB
voxBW: 50 14
Initialization time: 0.07435
intersect: 11056
decomposition time: 0.000556 seconds
max load: 11056 avgloadperbox: 11056 avgloadpercore: 11056
compute: 7.305136 seconds
evaluations: 3159635318
time: 7.380172 seconds
