hostname : cph-c52.uncc.edu
bounding: [1053872.965;1068485.726]x[860186.8419;879395.9741]x[3;730]
read 11056 observations
res: 100 100 1 bw: 250 250 1
voxsize: 148x194x728 size:79.736084MB
voxBW: 3 1
Initialization time: 0.018699
intersect: 46130
decomposition time: 0.006675 seconds
max load: 53 avgloadperbox: 0.337402344 avgloadpercore: 11056
compute: 0.016164 seconds
evaluations: 1487033
time: 0.042906 seconds
