hostname : cph-c44.uncc.edu
bounding: [1053872.965;1068485.726]x[860186.8419;879395.9741]x[3;730]
read 11056 observations
res: 100 100 1 bw: 500 500 7
voxsize: 148x194x728 size:79.736084MB
voxBW: 5 7
Initialization time: 0.041826
intersect: 568625
decomposition time: 0.185867 seconds
max load: 73 avgloadperbox: 0.042175293 avgloadpercore: 11056
compute: 0.257243 seconds
evaluations: 19010957
time: 0.524697 seconds
