hostname : cph-c45.uncc.edu
bounding: [-89;89]x[-180;180]x[71836;79136]
read 291990435 observations
res: 0.1 0.1 3 bw: 1 1 7
voxsize: 1781x3601x2435 size:59572.5355MB
voxBW: 10 3
decomposition time: 12.981053 seconds
max load: 7765261 avgloadperbox: 8910.84091 avgloadpercore: 18249402.2 total load: 291990435
Initialization time: 5.636868
mem: 39304
compute: 253.154193 seconds
evaluations: 0
time: 271.816029 seconds
