hostname : cph-c52.uncc.edu
bounding: [-89;89]x[-180;180]x[71836;79136]
read 291990435 observations
res: 0.5 0.5 3 bw: 1 1 7
voxsize: 357x721x2435 size:2390.90612MB
voxBW: 2 3
decomposition time: 12.976335 seconds
max load: 7765261 avgloadperbox: 8910.84091 avgloadpercore: 18249402.2 total load: 291990435
Initialization time: 0.233556
mem: 39304
compute: 14.193487 seconds
evaluations: 0
time: 27.432539 seconds
