hostname : cph-c52.uncc.edu
bounding: [-89;89]x[-180;180]x[71836;79136]
read 291990435 observations
res: 0.5 0.5 3 bw: 1 1 7
voxsize: 357x721x2435 size:2390.90612MB
voxBW: 2 3
Initialization time: 0.23525
intersect: 324072026
decomposition time: 20.213716 seconds
max load: 68285897 avgloadperbox: 570293.818 avgloadpercore: 18249402.2
compute: 29.527187 seconds
evaluations: 50971101864
time: 50.026273 seconds
