hostname : cph-c46.uncc.edu
bounding: [-89;89]x[-180;180]x[71836;79136]
read 291990435 observations
res: 0.1 0.1 3 bw: 3 3 14
voxsize: 1781x3601x2435 size:59572.5355MB
voxBW: 30 5
decomposition time: 9.537925 seconds
max load: 248974249 avgloadperbox: 36498804.4 avgloadpercore: 291990435 total load: 291990435
Initialization time: 17.7185
mem: 64
compute: 35302.4871 seconds
evaluations: 0
time: 35329.759884 seconds
