hostname : cph-c49.uncc.edu
bounding: [-89;89]x[-180;180]x[71836;79136]
read 291990435 observations
res: 0.5 0.5 3 bw: 3 3 14
voxsize: 357x721x2435 size:2390.90612MB
voxBW: 6 5
Initialization time: 0.555808
intersect: 1001250886
decomposition time: 55.897909 seconds
max load: 13101433 avgloadperbox: 8910.84091 avgloadpercore: 291990435
compute: 1183.94085 seconds
evaluations: 545895644044
time: 1240.788722 seconds
