hostname : cph-c49.uncc.edu
bounding: [-89;89]x[-180;180]x[71836;79136]
read 291990435 observations
res: 0.5 0.5 3 bw: 3 3 14
voxsize: 357x721x2435 size:2390.90612MB
voxBW: 6 5
Initialization time: 0.558364
intersect: 541611156
decomposition time: 34.216113 seconds
max load: 35009286 avgloadperbox: 71286.7273 avgloadpercore: 291990435
compute: 1120.05008 seconds
evaluations: 547400302409
time: 1154.940002 seconds
