hostname : cph-c46.uncc.edu
bounding: [-89;89]x[-180;180]x[71836;79136]
read 291990435 observations
res: 0.1 0.1 3 bw: 3 3 14
voxsize: 1781x3601x2435 size:59572.5355MB
voxBW: 30 5
decomposition time: 11.333775 seconds
max load: 291990435 avgloadperbox: 291990435 avgloadpercore: 291990435 total load: 291990435
Initialization time: 19.683225
mem: 27
compute: 35646.1372 seconds
evaluations: 0
time: 35677.169411 seconds
