hostname : cph-c46.uncc.edu
bounding: [-89;89]x[-180;180]x[71836;79136]
read 291990435 observations
res: 0.1 0.1 3 bw: 3 3 14
voxsize: 1781x3601x2435 size:59572.5355MB
voxBW: 30 5
decomposition time: 12.343798 seconds
max load: 27302857 avgloadperbox: 71286.7273 avgloadpercore: 291990435 total load: 291990435
Initialization time: 17.800521
mem: 5832
compute: 34503.5149 seconds
evaluations: 0
time: 34533.688007 seconds
