hostname : cph-c49.uncc.edu
bounding: [-89;89]x[-180;180]x[71836;79136]
read 291990435 observations
res: 0.5 0.5 3 bw: 3 3 14
voxsize: 357x721x2435 size:2390.90612MB
voxBW: 6 5
decomposition time: 9.525188 seconds
max load: 248974249 avgloadperbox: 36498804.4 avgloadpercore: 18249402.2 total load: 291990435
Initialization time: 0.242542
mem: 64
compute: 1046.5221 seconds
evaluations: 0
time: 1056.307051 seconds
