hostname : cph-c45.uncc.edu
bounding: [-89;89]x[-180;180]x[71836;79136]
read 291990435 observations
res: 0.1 0.1 3 bw: 1 1 7
voxsize: 1781x3601x2435 size:59572.5355MB
voxBW: 10 3
Initialization time: 17.575831
intersect: 363028366
decomposition time: 29.583486 seconds
max load: 30605517 avgloadperbox: 71286.7273 avgloadpercore: 291990435
compute: 2414.82308 seconds
evaluations: 883812284922
time: 2462.483427 seconds
