hostname : cph-c46.uncc.edu
bounding: [-89;89]x[-180;180]x[71836;79136]
read 291990435 observations
res: 0.1 0.1 3 bw: 3 3 14
voxsize: 1781x3601x2435 size:59572.5355MB
voxBW: 30 5
decomposition time: 10.684075 seconds
max load: 63131718 avgloadperbox: 570293.818 avgloadpercore: 18249402.2 total load: 291990435
Initialization time: 6.724175
mem: 1000
compute: 21917.7266 seconds
evaluations: 0
time: 21935.160292 seconds
