hostname : cph-c45.uncc.edu
bounding: [-89;89]x[-180;180]x[71836;79136]
read 291990435 observations
res: 0.1 0.1 3 bw: 1 1 7
voxsize: 1781x3601x2435 size:59572.5355MB
voxBW: 10 3
Initialization time: 16.81605
intersect: 474906361
decomposition time: 37.29776 seconds
max load: 10206706 avgloadperbox: 8910.84091 avgloadpercore: 291990435
compute: 2397.80187 seconds
evaluations: 881988696517
time: 2452.546276 seconds
