hostname : cph-c49.uncc.edu
bounding: [-89;89]x[-180;180]x[71836;79136]
read 291990435 observations
res: 0.5 0.5 3 bw: 3 3 14
voxsize: 357x721x2435 size:2390.90612MB
voxBW: 6 5
Initialization time: 0.239319
intersect: 409700502
decomposition time: 21.927224 seconds
max load: 123073882 avgloadperbox: 4562350.55 avgloadpercore: 18249402.2
compute: 387.469787 seconds
evaluations: 544547987026
time: 409.676668 seconds
