hostname : cph-c46.uncc.edu
bounding: [-89;89]x[-180;180]x[71836;79136]
read 291990435 observations
res: 0.1 0.1 3 bw: 3 3 14
voxsize: 1781x3601x2435 size:59572.5355MB
voxBW: 30 5
decomposition time: 9.736557 seconds
max load: 107380363 avgloadperbox: 4562350.55 avgloadpercore: 18249402.2 total load: 291990435
Initialization time: 5.614466
mem: 216
compute: 29400.6554 seconds
evaluations: 0
time: 29416.031493 seconds
