hostname : cph-c52.uncc.edu
bounding: [-89;89]x[-180;180]x[71836;79136]
read 291990435 observations
res: 0.5 0.5 3 bw: 1 1 7
voxsize: 357x721x2435 size:2390.90612MB
voxBW: 2 3
Initialization time: 0.558095
intersect: 284734247
decomposition time: 14.474125 seconds
max load: 284734247 avgloadperbox: 291990435 avgloadpercore: 291990435
compute: 125.271799 seconds
evaluations: 49801858690
time: 140.317568 seconds
