hostname : cph-c45.uncc.edu
bounding: [-89;89]x[-180;180]x[71836;79136]
read 291990435 observations
res: 0.1 0.1 3 bw: 1 1 7
voxsize: 1781x3601x2435 size:59572.5355MB
voxBW: 10 3
decomposition time: 12.262763 seconds
max load: 27302857 avgloadperbox: 71286.7273 avgloadpercore: 18249402.2 total load: 291990435
Initialization time: 5.867547
mem: 5832
compute: 665.155388 seconds
evaluations: 0
time: 683.324802 seconds
