hostname : cph-c52.uncc.edu
bounding: [-89;89]x[-180;180]x[71836;79136]
read 291990435 observations
res: 0.5 0.5 3 bw: 1 1 7
voxsize: 357x721x2435 size:2390.90612MB
voxBW: 2 3
decomposition time: 9.722198 seconds
max load: 107380363 avgloadperbox: 4562350.55 avgloadpercore: 291990435 total load: 291990435
Initialization time: 0.558083
mem: 216
compute: 123.604991 seconds
evaluations: 0
time: 133.905248 seconds
