hostname : cph-c45.uncc.edu
bounding: [-89;89]x[-180;180]x[71836;79136]
read 291990435 observations
res: 0.1 0.1 3 bw: 1 1 7
voxsize: 1781x3601x2435 size:59572.5355MB
voxBW: 10 3
Initialization time: 5.840152
intersect: 363028366
decomposition time: 24.174615 seconds
max load: 30605517 avgloadperbox: 71286.7273 avgloadpercore: 18249402.2
compute: 280.20964 seconds
evaluations: 883812284922
time: 310.350103 seconds
