hostname : cph-c45.uncc.edu
bounding: [-39;77]x[-159;148]x[0;5950]
read 31478 observations
res: 0.2 0.2 1 bw: 2 2 21
voxsize: 581x1536x5951 size:20258.9707MB
voxBW: 10 21
decomposition time: 0.001253 seconds
max load: 17177 avgloadperbox: 3934.75 avgloadpercore: 31478 total load: 31478
Initialization time: 4.739981
mem: 64
compute: 2.154092 seconds
evaluations: 0
time: 6.895509 seconds
