hostname : cph-c49.uncc.edu
bounding: [-39;77]x[-159;148]x[0;5950]
read 31478 observations
res: 1 1 7 bw: 1 1 7
voxsize: 117x308x851 size:116.983932MB
voxBW: 1 1
Initialization time: 0.02734
intersect: 31478
decomposition time: 0.00148 seconds
max load: 31478 avgloadperbox: 31478 avgloadpercore: 31478
compute: 0.004276 seconds
evaluations: 849879
time: 0.033235 seconds
