hostname : cph-c52.uncc.edu
bounding: [-39;77]x[-159;148]x[0;5950]
read 31478 observations
res: 0.2 0.2 1 bw: 1 1 7
voxsize: 581x1536x5951 size:20258.9707MB
voxBW: 5 7
Initialization time: 1.976589
intersect: 36719
decomposition time: 0.002677 seconds
max load: 2361 avgloadperbox: 61.4804688 avgloadpercore: 1967.375
compute: 0.025665 seconds
evaluations: 57598607
time: 2.005107 seconds
