hostname : cph-c52.uncc.edu
bounding: [-39;77]x[-159;148]x[0;5950]
read 31478 observations
res: 1 1 7 bw: 2 2 21
voxsize: 117x308x851 size:116.983932MB
voxBW: 2 3
decomposition time: 0.000977 seconds
max load: 31478 avgloadperbox: 31478 avgloadpercore: 31478 total load: 31478
Initialization time: 0.027259
mem: 27
compute: 0.014124 seconds
evaluations: 0
time: 0.042520 seconds
