hostname : cph-c44.uncc.edu
bounding: [-39;77]x[-159;148]x[0;5950]
read 31478 observations
res: 0.5 0.5 3 bw: 1 1 7
voxsize: 233x615x1985 size:1085.05468MB
voxBW: 2 3
decomposition time: 0.002192 seconds
max load: 17177 avgloadperbox: 3934.75 avgloadpercore: 1967.375 total load: 31478
Initialization time: 0.168097
mem: 64
compute: 0.027013 seconds
evaluations: 0
time: 0.197556 seconds
