hostname : cph-c49.uncc.edu
bounding: [-39;77]x[-159;148]x[0;5950]
read 31478 observations
res: 0.5 0.5 3 bw: 2 2 21
voxsize: 233x615x1985 size:1085MB
voxBW: 4 7
Initialization time: 0.2318
compute: 0.09349 seconds
reduce: 0.2879 seconds
evaluations: 38229948
time: 0.613397 seconds
