hostname : cph-c44.uncc.edu
bounding: [-39;77]x[-159;148]x[0;5950]
read 31478 observations
res: 0.5 0.5 3 bw: 1 1 7
voxsize: 233x615x1985 size:1085.05468MB
voxBW: 2 3
Initialization time: 0.177347
intersect: 34971
decomposition time: 0.002584 seconds
max load: 4006 avgloadperbox: 491.84375 avgloadpercore: 1967.375
compute: 0.005876 seconds
evaluations: 5605355
time: 0.186066 seconds
