hostname : cph-c52.uncc.edu
bounding: [-39;77]x[-159;148]x[0;5950]
read 31478 observations
res: 0.2 0.2 1 bw: 1 1 7
voxsize: 581x1536x5951 size:20258.9707MB
voxBW: 5 7
Initialization time: 4.700224
intersect: 36719
decomposition time: 0.002496 seconds
max load: 2361 avgloadperbox: 61.4804688 avgloadpercore: 31478
compute: 0.109163 seconds
evaluations: 57598607
time: 4.812025 seconds
