hostname : cph-c45.uncc.edu
bounding: [-39;77]x[-159;148]x[0;5950]
read 31478 observations
res: 0.2 0.2 1 bw: 2 2 21
voxsize: 581x1536x5951 size:20258.9707MB
voxBW: 10 21
Initialization time: 1.983742
intersect: 35561
decomposition time: 0.002221 seconds
max load: 4024 avgloadperbox: 491.84375 avgloadpercore: 1967.375
compute: 0.334802 seconds
evaluations: 599532046
time: 2.320895 seconds
