hostname : cph-c49.uncc.edu
bounding: [-39;77]x[-159;148]x[0;5950]
read 31478 observations
res: 1 1 7 bw: 1 1 7
voxsize: 117x308x851 size:116.983932MB
voxBW: 1 1
decomposition time: 0.002941 seconds
max load: 1230 avgloadperbox: 0.960632324 avgloadpercore: 1967.375 total load: 31478
Initialization time: 0.013133
mem: 39304
compute: 0.004063 seconds
evaluations: 0
time: 0.020808 seconds
