hostname : cph-c52.uncc.edu
bounding: [-39;77]x[-159;148]x[0;5950]
read 31478 observations
res: 0.2 0.2 1 bw: 1 1 7
voxsize: 581x1536x5951 size:20258.9707MB
voxBW: 5 7
Initialization time: 4.698562
intersect: 75789
decomposition time: 0.00622 seconds
max load: 1266 avgloadperbox: 0.960632324 avgloadpercore: 31478
compute: 0.116977 seconds
evaluations: 57139172
time: 4.822515 seconds
