hostname : cph-c49.uncc.edu
bounding: [-39;77]x[-159;148]x[0;5950]
read 31478 observations
res: 1 1 7 bw: 1 1 7
voxsize: 117x308x851 size:117MB
voxBW: 1 1
Initialization time: 0.03795
compute: 0.00972 seconds
reduce: 0.1168 seconds
evaluations: 849879
time: 0.173467 seconds
