hostname : cph-c44.uncc.edu
bounding: [-39;77]x[-159;148]x[0;5950]
read 31478 observations
res: 0.5 0.5 3 bw: 1 1 7
voxsize: 233x615x1985 size:1085.05468MB
voxBW: 2 3
decomposition time: 0.001409 seconds
max load: 3996 avgloadperbox: 491.84375 avgloadpercore: 1967.375 total load: 31478
Initialization time: 0.173054
mem: 216
compute: 0.016106 seconds
evaluations: 0
time: 0.190795 seconds
