hostname : cph-c49.uncc.edu
bounding: [-39;77]x[-159;148]x[0;5950]
read 31478 observations
res: 0.5 0.5 3 bw: 2 2 21
voxsize: 233x615x1985 size:1085.05468MB
voxBW: 4 7
Initialization time: 0.108702
intersect: 135863
decomposition time: 0.008972 seconds
max load: 1383 avgloadperbox: 0.960632324 avgloadpercore: 1967.375
compute: 0.009007 seconds
evaluations: 38725689
time: 0.127658 seconds
