hostname : cph-c52.uncc.edu
bounding: [-39;77]x[-159;148]x[0;5950]
read 31478 observations
res: 0.2 0.2 1 bw: 1 1 7
voxsize: 581x1536x5951 size:20258.9707MB
voxBW: 5 7
decomposition time: 0.002825 seconds
max load: 1230 avgloadperbox: 0.960632324 avgloadpercore: 31478 total load: 31478
Initialization time: 4.696871
mem: 39304
compute: 0.107391 seconds
evaluations: 0
time: 4.807737 seconds
