hostname : cph-c47.uncc.edu
bounding: [-130;-65]x[20;50]x[5875;5958]
read 588189 observations
res: 0.01 0.01 1 bw: 0.5 0.5 3
voxsize: 6501x3001x84 size:6251.51857MB
voxBW: 50 3
Initialization time: 0.612398
intersect: 20157022
decomposition time: 1.659216 seconds
max load: 8080 avgloadperbox: 2.24376297 avgloadpercore: 36761.8125
compute: 29.677019 seconds
evaluations: 41510493965
time: 32.162139 seconds
