hostname : cph-c47.uncc.edu
bounding: [-130;-65]x[20;50]x[5875;5958]
read 588189 observations
res: 0.01 0.01 1 bw: 0.5 0.5 3
voxsize: 6501x3001x84 size:6251.51857MB
voxBW: 50 3
Initialization time: 0.613234
intersect: 583613
decomposition time: 0.032624 seconds
max load: 583613 avgloadperbox: 588189 avgloadpercore: 36761.8125
compute: 178.835337 seconds
evaluations: 41392685368
time: 179.481923 seconds
