hostname : cph-c47.uncc.edu
bounding: [-130;-65]x[20;50]x[5875;5958]
read 588189 observations
res: 0.01 0.01 1 bw: 0.5 0.5 3
voxsize: 6501x3001x84 size:6251.51857MB
voxBW: 50 3
decomposition time: 0.02197 seconds
max load: 174718 avgloadperbox: 73523.625 avgloadpercore: 36761.8125 total load: 588189
Initialization time: 0.61977
mem: 64
compute: 158.122841 seconds
evaluations: 0
time: 158.765203 seconds
