hostname : cph-c47.uncc.edu
bounding: [-180;180]x[7;72]x[5875;5958]
read 588189 observations
res: 0.1 0.1 1 bw: 2.5 2.5 7
voxsize: 3601x651x84 size:751.179062MB
voxBW: 25 7
decomposition time: 0.021874 seconds
max load: 230706 avgloadperbox: 73523.625 avgloadpercore: 36761.8125 total load: 588189
Initialization time: 0.075933
mem: 64
compute: 57.127358 seconds
evaluations: 0
time: 57.226465 seconds
