hostname : cph-c52.uncc.edu
bounding: [-130;-65]x[20;50]x[5875;5958]
read 588189 observations
res: 0.1 0.1 1 bw: 2.5 2.5 7
voxsize: 651x301x84 size:62.7894745MB
voxBW: 25 7
decomposition time: 0.019832 seconds
max load: 174718 avgloadperbox: 73523.625 avgloadpercore: 588189 total load: 588189
Initialization time: 0.015133
mem: 64
compute: 56.47311 seconds
evaluations: 0
time: 56.508401 seconds
