hostname : cph-c44.uncc.edu
bounding: [-130;-65]x[20;50]x[5875;5958]
read 588189 observations
res: 0.5 0.5 1 bw: 1 1 3
voxsize: 131x61x84 size:2.56059265MB
voxBW: 2 3
Initialization time: 0.000437
intersect: 11894912
decomposition time: 0.751629 seconds
max load: 11342 avgloadperbox: 17.9501038 avgloadpercore: 588189
compute: 1.020132 seconds
evaluations: 99502494
time: 1.813350 seconds
