hostname : cph-c49.uncc.edu
bounding: [-180;180]x[7;72]x[5875;5958]
read 588189 observations
res: 0.1 0.1 1 bw: 5 5 14
voxsize: 3601x651x84 size:751.179062MB
voxBW: 50 14
Initialization time: 0.077702
intersect: 588189
decomposition time: 0.031328 seconds
max load: 588189 avgloadperbox: 588189 avgloadpercore: 36761.8125
compute: 388.820405 seconds
evaluations: 165700270408
time: 388.930552 seconds
