hostname : cph-c46.uncc.edu
bounding: [-130;-65]x[20;50]x[5875;5958]
read 588189 observations
res: 0.01 0.01 1 bw: 1 1 3
voxsize: 6501x3001x84 size:6251.51857MB
voxBW: 100 3
decomposition time: 0.021102 seconds
max load: 17350 avgloadperbox: 1148.80664 avgloadpercore: 36761.8125 total load: 588189
Initialization time: 0.77435
mem: 1000
compute: 95.593885 seconds
evaluations: 0
time: 96.390569 seconds
