hostname : cph-c46.uncc.edu
bounding: [-130;-65]x[20;50]x[5875;5958]
read 588189 observations
res: 0.1 0.1 1 bw: 1 1 3
voxsize: 651x301x84 size:62.7894745MB
voxBW: 10 3
decomposition time: 0.021737 seconds
max load: 17350 avgloadperbox: 1148.80664 avgloadpercore: 36761.8125 total load: 588189
Initialization time: 0.01119
mem: 1000
compute: 0.653686 seconds
evaluations: 0
time: 0.686936 seconds
