hostname : cph-c52.uncc.edu
bounding: [-130;-65]x[20;50]x[5875;5958]
read 588189 observations
res: 0.1 0.1 1 bw: 2.5 2.5 7
voxsize: 651x301x84 size:62.7894745MB
voxBW: 25 7
Initialization time: 0.010456
intersect: 462938411
decomposition time: 46.35318 seconds
max load: 28768 avgloadperbox: 2.24376297 avgloadpercore: 36761.8125
compute: 21.011325 seconds
evaluations: 22557337119
time: 68.800437 seconds
