hostname : cph-c44.uncc.edu
bounding: [-130;-65]x[20;50]x[5875;5958]
read 588189 observations
res: 0.5 0.5 1 bw: 1 1 3
voxsize: 131x61x84 size:2.56059265MB
voxBW: 2 3
decomposition time: 0.023386 seconds
max load: 50729 avgloadperbox: 9190.45312 avgloadpercore: 588189 total load: 588189
Initialization time: 0.000868
mem: 216
compute: 0.287092 seconds
evaluations: 0
time: 0.311509 seconds
