hostname : cph-c46.uncc.edu
bounding: [-130;-65]x[20;50]x[5875;5958]
read 588189 observations
res: 0.1 0.1 1 bw: 1 1 3
voxsize: 651x301x84 size:62.7894745MB
voxBW: 10 3
Initialization time: 0.009561
intersect: 11894912
decomposition time: 0.709964 seconds
max load: 11342 avgloadperbox: 17.9501038 avgloadpercore: 36761.8125
compute: 0.840984 seconds
evaluations: 1811472301
time: 1.605842 seconds
