hostname : cph-c46.uncc.edu
bounding: [-180;180]x[7;72]x[5875;5958]
read 588189 observations
res: 0.1 0.1 1 bw: 1 1 3
voxsize: 3601x651x84 size:751.179062MB
voxBW: 10 3
Initialization time: 0.176337
intersect: 4247181
decomposition time: 0.157346 seconds
max load: 19773 avgloadperbox: 17.9501038 avgloadpercore: 588189
compute: 12.216814 seconds
evaluations: 1820333685
time: 12.562743 seconds
