hostname : cph-c47.uncc.edu
bounding: [-130;-65]x[20;50]x[5875;5958]
read 588189 observations
res: 0.01 0.01 1 bw: 0.5 0.5 3
voxsize: 6501x3001x84 size:6251.51857MB
voxBW: 50 3
Initialization time: 0.609257
intersect: 5892669
decomposition time: 0.330539 seconds
max load: 9714 avgloadperbox: 17.9501038 avgloadpercore: 36761.8125
compute: 18.485101 seconds
evaluations: 41513895826
time: 19.457580 seconds
