hostname : cph-c46.uncc.edu
bounding: [-130;-65]x[20;50]x[5875;5958]
read 588189 observations
res: 0.01 0.01 1 bw: 1 1 3
voxsize: 6501x3001x84 size:6251.51857MB
voxBW: 100 3
decomposition time: 0.020044 seconds
max load: 50729 avgloadperbox: 9190.45312 avgloadpercore: 36761.8125 total load: 588189
Initialization time: 0.596972
mem: 216
compute: 281.695158 seconds
evaluations: 0
time: 282.312562 seconds
