hostname : cph-c46.uncc.edu
bounding: [-130;-65]x[20;50]x[5875;5958]
read 588189 observations
res: 0.1 0.1 1 bw: 1 1 3
voxsize: 651x301x84 size:62.7894745MB
voxBW: 10 3
decomposition time: 0.020139 seconds
max load: 174718 avgloadperbox: 73523.625 avgloadpercore: 36761.8125 total load: 588189
Initialization time: 0.010858
mem: 64
compute: 4.722834 seconds
evaluations: 0
time: 4.754026 seconds
