hostname : cph-c52.uncc.edu
bounding: [-130;-65]x[20;50]x[5875;5958]
read 588189 observations
res: 0.1 0.1 1 bw: 2.5 2.5 7
voxsize: 651x301x84 size:62.7894745MB
voxBW: 25 7
Initialization time: 0.014653
intersect: 1101609
decomposition time: 0.05188 seconds
max load: 252378 avgloadperbox: 73523.625 avgloadpercore: 588189
compute: 58.97578 seconds
evaluations: 22448570011
time: 59.043533 seconds
