hostname : cph-c46.uncc.edu
bounding: [-130;-65]x[20;50]x[5875;5958]
read 588189 observations
res: 0.1 0.1 1 bw: 1 1 3
voxsize: 651x301x84 size:62.7894745MB
voxBW: 10 3
decomposition time: 0.02009 seconds
max load: 50729 avgloadperbox: 9190.45312 avgloadpercore: 588189 total load: 588189
Initialization time: 0.014875
mem: 216
compute: 4.622638 seconds
evaluations: 0
time: 4.657829 seconds
