hostname : cph-c46.uncc.edu
bounding: [-130;-65]x[20;50]x[5875;5958]
read 588189 observations
res: 0.01 0.01 1 bw: 1 1 3
voxsize: 6501x3001x84 size:6251.51857MB
voxBW: 100 3
Initialization time: 0.625092
intersect: 4026966
decomposition time: 0.158071 seconds
max load: 20824 avgloadperbox: 143.60083 avgloadpercore: 36761.8125
compute: 53.891682 seconds
evaluations: 164437209208
time: 54.684834 seconds
