hostname : cph-c47.uncc.edu
bounding: [-180;180]x[7;72]x[5875;5958]
read 588189 observations
res: 0.1 0.1 1 bw: 2.5 2.5 7
voxsize: 3601x651x84 size:751.179062MB
voxBW: 25 7
Initialization time: 0.175464
intersect: 76516880
decomposition time: 5.968774 seconds
max load: 37063 avgloadperbox: 2.24376297 avgloadpercore: 588189
compute: 277.952855 seconds
evaluations: 22645472511
time: 284.247057 seconds
