hostname : cph-c52.uncc.edu
bounding: [-130;-65]x[20;50]x[5875;5958]
read 588189 observations
res: 0.1 0.1 1 bw: 2.5 2.5 7
voxsize: 651x301x84 size:62.79MB
voxBW: 25 7
Initialization time: 0.02141
compute: 6.436 seconds
reduce: 0.1121 seconds
evaluations: 22258534021
time: 6.575947 seconds
