hostname : cph-c47.uncc.edu
bounding: [-130;-65]x[20;50]x[5875;5958]
read 588189 observations
res: 0.01 0.01 1 bw: 0.5 0.5 3
voxsize: 6501x3001x84 size:6251.51857MB
voxBW: 50 3
decomposition time: 0.023436 seconds
max load: 588189 avgloadperbox: 588189 avgloadpercore: 36761.8125 total load: 588189
Initialization time: 0.772645
mem: 27
compute: 178.459112 seconds
evaluations: 0
time: 179.255775 seconds
