hostname : cph-c46.uncc.edu
bounding: [-130;-65]x[20;50]x[5875;5958]
read 588189 observations
res: 0.01 0.01 1 bw: 1 1 3
voxsize: 6501x3001x84 size:6251.51857MB
voxBW: 100 3
Initialization time: 1.459202
intersect: 1058145
decomposition time: 0.055005 seconds
max load: 79696 avgloadperbox: 9190.45312 avgloadpercore: 588189
compute: 642.344901 seconds
evaluations: 164270226861
time: 643.859755 seconds
