hostname : cph-c46.uncc.edu
bounding: [-130;-65]x[20;50]x[5875;5958]
read 588189 observations
res: 0.1 0.1 1 bw: 1 1 3
voxsize: 651x301x84 size:62.79MB
voxBW: 10 3
Initialization time: 0.01314
compute: 4.541 seconds
evaluations: 1789439001
time: 4.553855 seconds
