hostname : cph-c49.uncc.edu
bounding: [-180;180]x[7;72]x[5875;5958]
read 588189 observations
res: 0.1 0.1 1 bw: 5 5 14
voxsize: 3601x651x84 size:751.179062MB
voxBW: 50 14
Initialization time: 0.1737
intersect: 15505222
decomposition time: 0.625158 seconds
max load: 182956 avgloadperbox: 143.60083 avgloadpercore: 588189
compute: 684.362106 seconds
evaluations: 167103867433
time: 685.164861 seconds
