hostname : cph-c46.uncc.edu
bounding: [-130;-65]x[20;50]x[5875;5958]
read 588189 observations
res: 0.1 0.1 1 bw: 1 1 3
voxsize: 651x301x84 size:62.7894745MB
voxBW: 10 3
Initialization time: 0.00974
intersect: 4026966
decomposition time: 0.155844 seconds
max load: 20824 avgloadperbox: 143.60083 avgloadpercore: 36761.8125
compute: 0.572569 seconds
evaluations: 1814562418
time: 0.748491 seconds
