hostname : cph-c46.uncc.edu
bounding: [-130;-65]x[20;50]x[5875;5958]
read 588189 observations
res: 0.1 0.1 1 bw: 1 1 3
voxsize: 651x301x84 size:62.7894745MB
voxBW: 10 3
decomposition time: 0.023077 seconds
max load: 588189 avgloadperbox: 588189 avgloadpercore: 36761.8125 total load: 588189
Initialization time: 0.010391
mem: 27
compute: 4.788642 seconds
evaluations: 0
time: 4.822579 seconds
