hostname : cph-c46.uncc.edu
bounding: [-130;-65]x[20;50]x[5875;5958]
read 588189 observations
res: 0.1 0.1 1 bw: 1 1 3
voxsize: 651x301x84 size:62.7894745MB
voxBW: 10 3
Initialization time: 0.010212
intersect: 777535
decomposition time: 0.043215 seconds
max load: 201051 avgloadperbox: 73523.625 avgloadpercore: 36761.8125
compute: 1.537467 seconds
evaluations: 1804877364
time: 1.592921 seconds
