hostname : cph-c44.uncc.edu
bounding: [-130;-65]x[20;50]x[5875;5958]
read 588189 observations
res: 0.5 0.5 1 bw: 1 1 3
voxsize: 131x61x84 size:2.56059265MB
voxBW: 2 3
Initialization time: 0.00223
intersect: 1058145
decomposition time: 0.062854 seconds
max load: 79696 avgloadperbox: 9190.45312 avgloadpercore: 36761.8125
compute: 0.145477 seconds
evaluations: 107786261
time: 0.213548 seconds
