hostname : cph-c46.uncc.edu
bounding: [-130;-65]x[20;50]x[5875;5958]
read 588189 observations
res: 0.01 0.01 1 bw: 1 1 3
voxsize: 6501x3001x84 size:6251.51857MB
voxBW: 100 3
Initialization time: 0.625781
intersect: 11894912
decomposition time: 0.712007 seconds
max load: 11342 avgloadperbox: 17.9501038 avgloadpercore: 36761.8125
compute: 72.278484 seconds
evaluations: 164434287479
time: 73.665486 seconds
