hostname : cph-c37.uncc.edu
bounding: [1053872.965;1068485.726]x[860186.8419;879395.9741]x[3;730]
read 11056 observations
res: 100 100 1 bw: 250 250 1
Decomp: 4 4 4
naive: 0.0102500115 speedup:7.44280231
sumload:0.010319507 overhead:1.006780041
partitioning time: 0.008965 seconds
