hostname : cph-bm1.uncc.edu
bounding: [-130;-65]x[20;50]x[5875;5958]
read 588189 observations
res: 0.01 0.01 1 bw: 1 1 3
Decomp: 32 32 4
naive: 643.6159509 speedup:75.82644111
sumload:713.9275583 overhead:1.109244663
partitioning time: 25.116109 seconds
