hostname : cph-gpu4.uncc.edu
bounding: [-130;-65]x[20;50]x[5875;5958]
read 588189 observations
res: 0.01 0.01 1 bw: 1 1 3
Decomp: 8 8 16
naive: 643.6159509 speedup:40.70692732
sumload:960.287006 overhead:1.492018656
partitioning time: 3.969878 seconds
