hostname : cph-c47.uncc.edu
bounding: [-130;-65]x[20;50]x[5875;5958]
read 588189 observations
res: 0.1 0.1 1 bw: 1 1 3
Decomp: 8 8 8
naive: 7.046724289 speedup:28.72525369
sumload:8.789697844 overhead:1.247345218
partitioning time: 3.428508 seconds
