hostname : cph-gpu1.uncc.edu
bounding: [-130;-65]x[20;50]x[5875;5958]
read 588189 observations
res: 0.01 0.01 1 bw: 1 1 3
Decomp: 4 4 2
naive: 643.6159509 speedup:6.790702129
sumload:677.0287724 overhead:1.051914222
partitioning time: 0.223231 seconds
