hostname : cph-c11.uncc.edu
bounding: [-130;-65]x[20;50]x[5875;5958]
read 588189 observations
res: 0.1 0.1 1 bw: 2.5 2.5 7
Decomp: 2 2 2
naive: 67.21899211 speedup:3.222233936
sumload:72.06052176 overhead:1.072026216
partitioning time: 0.083647 seconds
