hostname : cph-c47.uncc.edu
bounding: [-130;-65]x[20;50]x[5875;5958]
read 588189 observations
res: 0.5 0.5 1 bw: 1 1 3
Decomp: 32 32 16
naive: 0.4197653131 speedup:209.386181
sumload:0.7294212787 overhead:1.737688313
partitioning time: 76.195319 seconds
