hostname : cph-gpu1.uncc.edu
bounding: [-130;-65]x[20;50]x[5875;5958]
read 588189 observations
res: 0.01 0.01 1 bw: 1 1 3
Decomp: 2 2 4
naive: 643.6159509 speedup:4.882097539
sumload:713.8189767 overhead:1.109075957
partitioning time: 0.137058 seconds
