hostname : cph-c11.uncc.edu
bounding: [-130;-65]x[20;50]x[5875;5958]
read 588189 observations
res: 0.1 0.1 1 bw: 1 1 3
Decomp: 2 2 4
naive: 7.046724289 speedup:4.884666226
sumload:7.817012184 overhead:1.109311485
partitioning time: 0.150985 seconds
