hostname : cph-c45.uncc.edu
bounding: [-130;-65]x[20;50]x[5875;5958]
read 588189 observations
res: 0.1 0.1 1 bw: 5 5 14
Decomp: 4 4 2
naive: 430.2508241 speedup:8.925674566
sumload:467.1218793 overhead:1.085696652
partitioning time: 0.259301 seconds
