hostname : cph-bm1.uncc.edu
bounding: [1053872.965;1068485.726]x[860186.8419;879395.9741]x[3;730]
read 11056 observations
res: 100 100 1 bw: 250 250 1
Decomp: 32 32 4
naive: 0.0102500115 speedup:146.9409298
sumload:0.0109034186 overhead:1.063746963
partitioning time: 0.475299 seconds
