hostname : cph-gpu3.uncc.edu
bounding: [-130;-65]x[20;50]x[5875;5958]
read 588189 observations
res: 0.1 0.1 1 bw: 5 5 14
Decomp: 8 8 32
naive: 430.2508241 speedup:111.4328177
sumload:1150.927776 overhead:2.675015854
partitioning time: 9.136501 seconds
