hostname : cph-gpu1.uncc.edu
bounding: [-130;-65]x[20;50]x[5875;5958]
read 588189 observations
res: 0.5 0.5 1 bw: 1 1 3
Decomp: 32 32 4
naive: 0.4197653131 speedup:80.22036722
sumload:0.5769155947 overhead:1.374376531
partitioning time: 18.078529 seconds
