hostname : cph-gpu2.uncc.edu
bounding: [-130;-65]x[20;50]x[5875;5958]
read 588189 observations
res: 0.1 0.1 1 bw: 1 1 3
Decomp: 4 4 4
naive: 7.046724289 speedup:10.49654173
sumload:7.822718673 overhead:1.110121292
partitioning time: 0.440132 seconds
