hostname : cph-gpu2.uncc.edu
bounding: [1053872.965;1068485.726]x[860186.8419;879395.9741]x[3;730]
read 11056 observations
res: 50 50 1 bw: 100 100 1
Decomp: 16 16 16
naive: 0.0053159259 speedup:139.2660894
sumload:0.0055170735 overhead:1.037838676
partitioning time: 0.475355 seconds
