hostname : cph-bm1.uncc.edu
bounding: [-130;-65]x[20;50]x[5875;5958]
read 588189 observations
res: 0.01 0.01 1 bw: 1 1 3
Decomp: 8 8 4
naive: 643.6159509 speedup:16.36640554
sumload:713.8348495 overhead:1.109100619
partitioning time: 1.630286 seconds
