hostname : cph-c37.uncc.edu
bounding: [-130;-65]x[20;50]x[5875;5958]
read 588189 observations
res: 0.5 0.5 1 bw: 1 1 3
Decomp: 8 8 32
naive: 0.4197653131 speedup:64.95041259
sumload:0.8364520175 overhead:1.992665881
partitioning time: 10.286411 seconds
