hostname : cph-gpu3.uncc.edu
bounding: [-130;-65]x[20;50]x[5875;5958]
read 588189 observations
res: 0.1 0.1 1 bw: 5 5 14
Decomp: 16 16 8
naive: 430.2508241 speedup:195.9439495
sumload:607.2179563 overhead:1.411311547
partitioning time: 8.636730 seconds
