hostname : cph-gpu4.uncc.edu
bounding: [-130;-65]x[20;50]x[5875;5958]
read 588189 observations
res: 0.01 0.01 1 bw: 0.5 0.5 3
Decomp: 8 8 2
naive: 162.5264313 speedup:9.947572757
sumload:170.9690028 overhead:1.051945837
partitioning time: 0.496596 seconds
