hostname : cph-c37.uncc.edu
bounding: [1053872.965;1068485.726]x[860186.8419;879395.9741]x[3;730]
read 11056 observations
res: 100 100 1 bw: 250 250 1
Decomp: 4 4 32
naive: 0.0102500115 speedup:33.18575617
sumload:0.010869287 overhead:1.060417054
partitioning time: 0.069956 seconds
