hostname : cph-gpu2.uncc.edu
bounding: [-130;-65]x[20;50]x[5875;5958]
read 588189 observations
res: 0.5 0.5 1 bw: 1 1 3
Decomp: 8 8 2
naive: 0.4197653131 speedup:11.28884296
sumload:0.4598089295 overhead:1.095395249
partitioning time: 0.587143 seconds
