hostname : cph-c37.uncc.edu
bounding: [-130;-65]x[20;50]x[5875;5958]
read 588189 observations
res: 0.5 0.5 1 bw: 1 1 3
Decomp: 4 4 16
naive: 0.4197653131 speedup:26.92287568
sumload:0.625659209 overhead:1.490497641
partitioning time: 1.398189 seconds
