hostname : cph-gpu1.uncc.edu
bounding: [-130;-65]x[20;50]x[5875;5958]
read 588189 observations
res: 0.1 0.1 1 bw: 1 1 3
Decomp: 32 32 16
naive: 7.046724289 speedup:181.7326918
sumload:10.61642184 overhead:1.506575454
partitioning time: 100.702430 seconds
