hostname : cph-gpu4.uncc.edu
bounding: [-130;-65]x[20;50]x[5875;5958]
read 588189 observations
res: 0.01 0.01 1 bw: 0.5 0.5 3
Decomp: 8 8 16
naive: 162.5264313 speedup:38.80454216
sumload:242.4879859 overhead:1.491991081
partitioning time: 3.932245 seconds
