hostname : cph-c22.uncc.edu
bounding: [1053872.965;1068485.726]x[860186.8419;879395.9741]x[3;730]
read 11056 observations
res: 50 50 1 bw: 2500 2500 1
Decomp: 2 2 2
naive: 2.038316503 speedup:2.820021895
sumload:2.038784067 overhead:1.000229388
partitioning time: 0.001557 seconds
