hostname : cph-gpu2.uncc.edu
bounding: [-130;-65]x[20;50]x[5875;5958]
read 588189 observations
res: 0.1 0.1 1 bw: 1 1 3
Decomp: 2 2 8
naive: 7.046724289 speedup:8.432640638
sumload:8.774008392 overhead:1.245118729
partitioning time: 0.268504 seconds
