hostname : cph-gpu4.uncc.edu
bounding: [1053872.965;1068485.726]x[860186.8419;879395.9741]x[3;730]
read 11056 observations
res: 50 50 1 bw: 100 100 1
Decomp: 8 8 4
naive: 0.0053159259 speedup:21.47099316
sumload:0.0053570513 overhead:1.007736263
partitioning time: 0.018980 seconds
