hostname : cph-gpu3.uncc.edu
bounding: [-130;-65]x[20;50]x[5875;5958]
read 588189 observations
res: 0.5 0.5 1 bw: 1 1 3
Decomp: 16 16 32
naive: 0.4197653131 speedup:121.5204129
sumload:0.8652560388 overhead:2.061285227
partitioning time: 28.433562 seconds
