hostname : cph-gpu3.uncc.edu
bounding: [-130;-65]x[20;50]x[5875;5958]
read 588189 observations
res: 0.1 0.1 1 bw: 5 5 14
Decomp: 32 32 32
naive: 430.2508241 speedup:1343.679058
sumload:1156.112247 overhead:2.687065736
partitioning time: 133.982895 seconds
