hostname : cph-c47.uncc.edu
bounding: [1053872.965;1068485.726]x[860186.8419;879395.9741]x[3;730]
read 11056 observations
res: 100 100 1 bw: 500 500 7
Decomp: 16 16 4
naive: 0.0609225435 speedup:71.81260134
sumload:0.0640051993 overhead:1.050599591
partitioning time: 0.127553 seconds
