hostname : cph-gpu1.uncc.edu
bounding: [-130;-65]x[20;50]x[5875;5958]
read 588189 observations
res: 0.01 0.01 1 bw: 0.5 0.5 3
Decomp: 2 2 2
naive: 162.5264313 speedup:3.244150983
sumload:170.9625252 overhead:1.051905981
partitioning time: 0.071503 seconds
