hostname : cph-c45.uncc.edu
bounding: [1053872.965;1068485.726]x[860186.8419;879395.9741]x[3;730]
read 11056 observations
res: 50 50 1 bw: 2500 2500 1
Decomp: 2 2 4
naive: 2.038316503 speedup:3.889798323
sumload:2.042043135 overhead:1.001828289
partitioning time: 0.002665 seconds
