hostname : cph-c11.uncc.edu
bounding: [1053872.965;1068485.726]x[860186.8419;879395.9741]x[3;730]
read 11056 observations
res: 50 50 1 bw: 2500 2500 14
Decomp: 8 8 8
naive: 8.268027147 speedup:49.23408919
sumload:8.599679341 overhead:1.040112616
partitioning time: 0.075135 seconds
