hostname : cph-gpu2.uncc.edu
bounding: [-130;-65]x[20;50]x[5875;5958]
read 588189 observations
res: 0.1 0.1 1 bw: 2.5 2.5 7
Decomp: 16 16 16
naive: 67.21899211 speedup:143.5781987
sumload:114.2429493 overhead:1.699563557
partitioning time: 25.891578 seconds
