hostname : cph-gpu1.uncc.edu
bounding: [-130;-65]x[20;50]x[5875;5958]
read 588189 observations
res: 0.1 0.1 1 bw: 2.5 2.5 7
Decomp: 8 8 32
naive: 67.21899211 speedup:74.18967873
sumload:162.2474608 overhead:2.413714573
partitioning time: 13.388678 seconds
