hostname : cph-gpu3.uncc.edu
bounding: [-130;-65]x[20;50]x[5875;5958]
read 588189 observations
res: 0.01 0.01 1 bw: 1 1 3
Decomp: 32 32 32
naive: 643.6159509 speedup:269.8646921
sumload:1285.794767 overhead:1.997767093
partitioning time: 122.594030 seconds
