hostname : cph-gpu1.uncc.edu
bounding: [1053872.965;1068485.726]x[860186.8419;879395.9741]x[3;730]
read 11056 observations
res: 50 50 1 bw: 100 100 1
Decomp: 4 4 8
naive: 0.0053159259 speedup:11.68725537
sumload:0.0053797866 overhead:1.012013091
partitioning time: 0.016414 seconds
