hostname : cph-gpu1.uncc.edu
bounding: [-130;-65]x[20;50]x[5875;5958]
read 588189 observations
res: 0.01 0.01 1 bw: 0.5 0.5 3
Decomp: 2 2 4
naive: 162.5264313 speedup:4.859140736
sumload:180.2533403 overhead:1.10907093
partitioning time: 0.134401 seconds
