hostname : cph-bm1.uncc.edu
bounding: [1053872.965;1068485.726]x[860186.8419;879395.9741]x[3;730]
read 11056 observations
res: 50 50 1 bw: 2500 2500 1
Decomp: 16 16 2
naive: 2.038316503 speedup:81.24201874
sumload:2.04403818 overhead:1.00280706
partitioning time: 0.067219 seconds
