hostname : cph-gpu1.uncc.edu
bounding: [1053872.965;1068485.726]x[860186.8419;879395.9741]x[3;730]
read 11056 observations
res: 50 50 1 bw: 2500 2500 14
Decomp: 2 2 4
naive: 8.268027147 speedup:3.894911928
sumload:8.374437566 overhead:1.01287011
partitioning time: 0.002655 seconds
