hostname : cph-c37.uncc.edu
bounding: [-130;-65]x[20;50]x[5875;5958]
read 588189 observations
res: 0.1 0.1 1 bw: 2.5 2.5 7
Decomp: 2 2 32
naive: 67.21899211 speedup:16.00019564
sumload:162.1328835 overhead:2.412010035
partitioning time: 1.190759 seconds
