hostname : cph-c47.uncc.edu
bounding: [-130;-65]x[20;50]x[5875;5958]
read 588189 observations
res: 0.1 0.1 1 bw: 1 1 3
Decomp: 16 16 2
naive: 7.046724289 speedup:22.85999969
sumload:7.460086054 overhead:1.05866013
partitioning time: 3.385217 seconds
