hostname : cph-gpu2.uncc.edu
bounding: [-130;-65]x[20;50]x[5875;5958]
read 588189 observations
res: 0.01 0.01 1 bw: 0.5 0.5 3
Decomp: 16 16 2
naive: 162.5264313 speedup:21.03388382
sumload:170.9800898 overhead:1.052014053
partitioning time: 3.150365 seconds
