hostname : cph-gpu4.uncc.edu
bounding: [-130;-65]x[20;50]x[5875;5958]
read 588189 observations
res: 0.01 0.01 1 bw: 1 1 3
Decomp: 2 2 16
naive: 643.6159509 speedup:12.54177347
sumload:960.2711333 overhead:1.491993994
partitioning time: 0.355998 seconds
