hostname : cph-gpu3.uncc.edu
bounding: [-130;-65]x[20;50]x[5875;5958]
read 588189 observations
res: 0.1 0.1 1 bw: 2.5 2.5 7
Decomp: 4 4 4
naive: 67.21899211 speedup:10.90286621
sumload:77.42434873 overhead:1.151822518
partitioning time: 0.299961 seconds
