hostname : cph-c11.uncc.edu
bounding: [-130;-65]x[20;50]x[5875;5958]
read 588189 observations
res: 0.01 0.01 1 bw: 0.5 0.5 3
Decomp: 32 32 4
naive: 162.5264313 speedup:57.32475176
sumload:180.2963449 overhead:1.109335531
partitioning time: 27.736844 seconds
