hostname : cph-gpu2.uncc.edu
bounding: [1053872.965;1068485.726]x[860186.8419;879395.9741]x[3;730]
read 11056 observations
res: 50 50 1 bw: 2500 2500 1
Decomp: 8 8 2
naive: 2.038316503 speedup:21.43032543
sumload:2.040278455 overhead:1.000962536
partitioning time: 0.018148 seconds
