hostname : cph-c22.uncc.edu
bounding: [1053872.965;1068485.726]x[860186.8419;879395.9741]x[3;730]
read 11056 observations
res: 100 100 1 bw: 250 250 1
Decomp: 16 16 4
naive: 0.0102500115 speedup:66.82316199
sumload:0.0105339768 overhead:1.027703901
partitioning time: 0.130783 seconds
