hostname : cph-c45.uncc.edu
bounding: [-130;-65]x[20;50]x[5875;5958]
read 588189 observations
res: 0.1 0.1 1 bw: 1 1 3
Decomp: 8 8 4
naive: 7.046724289 speedup:16.63352388
sumload:7.832701636 overhead:1.111537974
partitioning time: 1.638408 seconds
