hostname : cph-gpu3.uncc.edu
bounding: [1053872.965;1068485.726]x[860186.8419;879395.9741]x[3;730]
read 11056 observations
res: 100 100 1 bw: 2500 2500 1
Decomp: 32 32 4
naive: 0.5210794803 speedup:390.7165513
sumload:0.540727358 overhead:1.037706105
partitioning time: 0.333890 seconds
