hostname : cph-c37.uncc.edu
bounding: [-130;-65]x[20;50]x[5875;5958]
read 588189 observations
res: 0.5 0.5 1 bw: 1 1 3
Decomp: 8 8 4
naive: 0.4197653131 speedup:17.845263
sumload:0.4825783295 overhead:1.149638416
partitioning time: 1.290725 seconds
