hostname : cph-gpu4.uncc.edu
bounding: [1053872.965;1068485.726]x[860186.8419;879395.9741]x[3;730]
read 11056 observations
res: 50 50 1 bw: 2500 2500 14
Decomp: 32 32 2
naive: 8.268027147 speedup:310.2811116
sumload:8.466756583 overhead:1.024035895
partitioning time: 0.167164 seconds
