hostname : cph-gpu3.uncc.edu
bounding: [1053872.965;1068485.726]x[860186.8419;879395.9741]x[3;730]
read 11056 observations
res: 100 100 1 bw: 500 500 7
Decomp: 8 8 32
naive: 0.0609225435 speedup:98.88336178
sumload:0.0714133465 overhead:1.172199032
partitioning time: 0.150419 seconds
