hostname : cph-gpu2.uncc.edu
bounding: [-130;-65]x[20;50]x[5875;5958]
read 588189 observations
res: 0.5 0.5 1 bw: 1 1 3
Decomp: 4 4 2
naive: 0.4197653131 speedup:6.882841411
sumload:0.450384125 overhead:1.072942692
partitioning time: 0.165755 seconds
