hostname : cph-c37.uncc.edu
bounding: [1053872.965;1068485.726]x[860186.8419;879395.9741]x[3;730]
read 11056 observations
res: 50 50 1 bw: 2500 2500 1
Decomp: 32 32 16
naive: 2.038316503 speedup:1142.738892
sumload:2.10650035 overhead:1.03345106
partitioning time: 2.273595 seconds
