hostname : cph-gpu3.uncc.edu
bounding: [1053872.965;1068485.726]x[860186.8419;879395.9741]x[3;730]
read 11056 observations
res: 100 100 1 bw: 2500 2500 1
Decomp: 2 2 2
naive: 0.5210794803 speedup:2.858958793
sumload:0.5213788629 overhead:1.000574543
partitioning time: 0.001045 seconds
