hostname : cph-gpu1.uncc.edu
bounding: [-130;-65]x[20;50]x[5875;5958]
read 588189 observations
res: 0.5 0.5 1 bw: 1 1 3
Decomp: 16 16 16
naive: 0.4197653131 speedup:84.0188931
sumload:0.6638880348 overhead:1.581569544
partitioning time: 18.329283 seconds
