hostname : cph-gpu4.uncc.edu
bounding: [-130;-65]x[20;50]x[5875;5958]
read 588189 observations
res: 0.01 0.01 1 bw: 0.5 0.5 3
Decomp: 2 2 16
naive: 162.5264313 speedup:12.48310837
sumload:242.4815084 overhead:1.491951225
partitioning time: 0.346399 seconds
