hostname : cph-gpu1.uncc.edu
bounding: [-130;-65]x[20;50]x[5875;5958]
read 588189 observations
res: 0.5 0.5 1 bw: 1 1 3
Decomp: 2 2 2
naive: 0.4197653131 speedup:3.259473927
sumload:0.4444588045 overhead:1.058826898
partitioning time: 0.056399 seconds
