hostname : cph-gpu1.uncc.edu
bounding: [-130;-65]x[20;50]x[5875;5958]
read 588189 observations
res: 0.1 0.1 1 bw: 5 5 14
Decomp: 4 4 32
naive: 430.2508241 speedup:42.44121494
sumload:1150.556143 overhead:2.674152097
partitioning time: 3.949075 seconds
