hostname : cph-bm1.uncc.edu
bounding: [1053872.965;1068485.726]x[860186.8419;879395.9741]x[3;730]
read 11056 observations
res: 50 50 1 bw: 2500 2500 14
Decomp: 32 32 8
naive: 8.268027147 speedup:711.0286194
sumload:8.763474787 overhead:1.05992332
partitioning time: 1.046217 seconds
