hostname : cph-gpu4.uncc.edu
bounding: [-130;-65]x[20;50]x[5875;5958]
read 588189 observations
res: 0.5 0.5 1 bw: 1 1 3
Decomp: 32 32 2
naive: 0.4197653131 speedup:48.83834404
sumload:0.5541461947 overhead:1.320133364
partitioning time: 7.029370 seconds
