hostname : cph-c37.uncc.edu
bounding: [-130;-65]x[20;50]x[5875;5958]
read 588189 observations
res: 0.01 0.01 1 bw: 0.5 0.5 3
Decomp: 16 16 16
naive: 162.5264313 speedup:79.53934764
sumload:242.4990729 overhead:1.492059297
partitioning time: 27.692337 seconds
