hostname : cph-gpu4.uncc.edu
bounding: [-130;-65]x[20;50]x[5875;5958]
read 588189 observations
res: 0.1 0.1 1 bw: 1 1 3
Decomp: 16 16 32
naive: 7.046724289 speedup:125.3731849
sumload:14.10400734 overhead:2.001498393
partitioning time: 30.811181 seconds
