hostname : cph-c11.uncc.edu
bounding: [1053872.965;1068485.726]x[860186.8419;879395.9741]x[3;730]
read 11056 observations
res: 50 50 1 bw: 2500 2500 14
Decomp: 4 4 32
naive: 8.268027147 speedup:38.60527175
sumload:9.874541748 overhead:1.194304466
partitioning time: 0.078473 seconds
