hostname : cph-gpu4.uncc.edu
bounding: [1053872.965;1068485.726]x[860186.8419;879395.9741]x[3;730]
read 11056 observations
res: 100 100 1 bw: 250 250 1
Decomp: 2 2 4
naive: 0.0102500115 speedup:3.739964091
sumload:0.0102924134 overhead:1.004136766
partitioning time: 0.001764 seconds
