hostname : cph-gpu2.uncc.edu
bounding: [-130;-65]x[20;50]x[5875;5958]
read 588189 observations
res: 0.5 0.5 1 bw: 1 1 3
Decomp: 8 8 16
naive: 0.4197653131 speedup:45.35654945
sumload:0.6350840135 overhead:1.512950198
partitioning time: 4.658396 seconds
