hostname : cph-c47.uncc.edu
bounding: [-130;-65]x[20;50]x[5875;5958]
read 588189 observations
res: 0.5 0.5 1 bw: 1 1 3
Decomp: 4 4 4
naive: 0.4197653131 speedup:10.64207628
sumload:0.473153525 overhead:1.127185859
partitioning time: 0.341166 seconds
