hostname : cph-c45.uncc.edu
bounding: [1053872.965;1068485.726]x[860186.8419;879395.9741]x[3;730]
read 11056 observations
res: 100 100 1 bw: 500 500 7
Decomp: 4 4 4
naive: 0.0609225435 speedup:7.463154388
sumload:0.0619546558 overhead:1.016941386
partitioning time: 0.008507 seconds
