hostname : cph-gpu1.uncc.edu
bounding: [1053872.965;1068485.726]x[860186.8419;879395.9741]x[3;730]
read 11056 observations
res: 50 50 1 bw: 100 100 1
Decomp: 2 2 8
naive: 0.0053159259 speedup:6.180832687
sumload:0.0053718154 overhead:1.010513597
partitioning time: 0.004772 seconds
