hostname : cph-gpu2.uncc.edu
bounding: [-130;-65]x[20;50]x[5875;5958]
read 588189 observations
res: 0.5 0.5 1 bw: 1 1 3
Decomp: 4 4 8
naive: 0.4197653131 speedup:17.41019484
sumload:0.527405405 overhead:1.25642922
partitioning time: 0.637417 seconds
