hostname : cph-gpu1.uncc.edu
bounding: [-130;-65]x[20;50]x[5875;5958]
read 588189 observations
res: 0.1 0.1 1 bw: 2.5 2.5 7
Decomp: 8 8 8
naive: 67.21899211 speedup:36.59636469
sumload:89.89671928 overhead:1.33737083
partitioning time: 3.356009 seconds
