hostname : cph-c47.uncc.edu
bounding: [1053872.965;1068485.726]x[860186.8419;879395.9741]x[3;730]
read 11056 observations
res: 100 100 1 bw: 500 500 7
Decomp: 16 16 16
naive: 0.0609225435 speedup:167.1887029
sumload:0.0682004233 overhead:1.119461194
partitioning time: 0.504737 seconds
