hostname : cph-gpu1.uncc.edu
bounding: [-130;-65]x[20;50]x[5875;5958]
read 588189 observations
res: 0.1 0.1 1 bw: 2.5 2.5 7
Decomp: 16 16 2
naive: 67.21899211 speedup:38.91287995
sumload:72.35771278 overhead:1.076447452
partitioning time: 3.249038 seconds
