hostname : cph-gpu1.uncc.edu
bounding: [-130;-65]x[20;50]x[5875;5958]
read 588189 observations
res: 0.1 0.1 1 bw: 2.5 2.5 7
Decomp: 8 8 4
naive: 67.21899211 speedup:21.6308277
sumload:77.4997849 overhead:1.152944762
partitioning time: 1.682897 seconds
