hostname : cph-gpu3.uncc.edu
bounding: [-130;-65]x[20;50]x[5875;5958]
read 588189 observations
res: 0.1 0.1 1 bw: 1 1 3
Decomp: 2 2 16
naive: 7.046724289 speedup:12.55845939
sumload:10.50718526 overhead:1.491073701
partitioning time: 0.353772 seconds
