hostname : cph-c11.uncc.edu
bounding: [-130;-65]x[20;50]x[5875;5958]
read 588189 observations
res: 0.01 0.01 1 bw: 0.5 0.5 3
Decomp: 8 8 32
naive: 162.5264313 speedup:55.00259406
sumload:324.6538861 overhead:1.997545159
partitioning time: 14.155633 seconds
