hostname : cph-gpu4.uncc.edu
bounding: [-130;-65]x[20;50]x[5875;5958]
read 588189 observations
res: 0.01 0.01 1 bw: 1 1 3
Decomp: 32 32 8
naive: 643.6159509 speedup:128.4830782
sumload:801.5999473 overhead:1.245463146
partitioning time: 30.629608 seconds
