hostname : cph-gpu2.uncc.edu
bounding: [-130;-65]x[20;50]x[5875;5958]
read 588189 observations
res: 0.5 0.5 1 bw: 1 1 3
Decomp: 2 2 32
naive: 0.4197653131 speedup:18.20436899
sumload:0.8211018925 overhead:1.956097531
partitioning time: 0.796895 seconds
