hostname : cph-gpu4.uncc.edu
bounding: [1053872.965;1068485.726]x[860186.8419;879395.9741]x[3;730]
read 11056 observations
res: 100 100 1 bw: 2500 2500 1
Decomp: 32 32 16
naive: 0.5210794803 speedup:1067.311435
sumload:0.552471026 overhead:1.060243297
partitioning time: 1.319220 seconds
