hostname : cph-c45.uncc.edu
bounding: [-130;-65]x[20;50]x[5875;5958]
read 588189 observations
res: 0.1 0.1 1 bw: 1 1 3
Decomp: 4 4 16
naive: 7.046724289 speedup:26.17498274
sumload:10.51289175 overhead:1.491883508
partitioning time: 1.746123 seconds
