hostname : cph-c47.uncc.edu
bounding: [1053872.965;1068485.726]x[860186.8419;879395.9741]x[3;730]
read 11056 observations
res: 100 100 1 bw: 2500 2500 1
Decomp: 32 32 32
naive: 0.5210794803 speedup:1865.902803
sumload:0.56909723 overhead:1.092150529
partitioning time: 4.416464 seconds
