hostname : cph-gpu3.uncc.edu
bounding: [1053872.965;1068485.726]x[860186.8419;879395.9741]x[3;730]
read 11056 observations
res: 100 100 1 bw: 2500 2500 1
Decomp: 32 32 2
naive: 0.5210794803 speedup:282.7353409
sumload:0.539893814 overhead:1.036106457
partitioning time: 0.169341 seconds
