hostname : cph-gpu1.uncc.edu
bounding: [-130;-65]x[20;50]x[5875;5958]
read 588189 observations
res: 0.1 0.1 1 bw: 1 1 3
Decomp: 2 2 2
naive: 7.046724289 speedup:3.259757111
sumload:7.415363244 overhead:1.05231352
partitioning time: 0.072852 seconds
