hostname : cph-c22.uncc.edu
bounding: [1053872.965;1068485.726]x[860186.8419;879395.9741]x[3;730]
read 11056 observations
res: 100 100 1 bw: 500 500 7
Decomp: 4 4 2
naive: 0.0609225435 speedup:5.991675155
sumload:0.0614757598 overhead:1.00908065
partitioning time: 0.004677 seconds
