hostname : cph-gpu3.uncc.edu
bounding: [-130;-65]x[20;50]x[5875;5958]
read 588189 observations
res: 0.1 0.1 1 bw: 1 1 3
Decomp: 16 16 4
naive: 7.046724289 speedup:35.79284293
sumload:7.861734994 overhead:1.115658095
partitioning time: 3.849824 seconds
