hostname : cph-bm1.uncc.edu
bounding: [-130;-65]x[20;50]x[5875;5958]
read 588189 observations
res: 0.01 0.01 1 bw: 1 1 3
Decomp: 4 4 16
naive: 643.6159509 speedup:26.04074425
sumload:960.276797 overhead:1.492002794
partitioning time: 1.734183 seconds
