hostname : cph-gpu4.uncc.edu
bounding: [1053872.965;1068485.726]x[860186.8419;879395.9741]x[3;730]
read 11056 observations
res: 50 50 1 bw: 2500 2500 1
Decomp: 32 32 8
naive: 2.038316503 speedup:719.1234459
sumload:2.075677978 overhead:1.018329575
partitioning time: 0.660907 seconds
