hostname : cph-gpu2.uncc.edu
bounding: [1053872.965;1068485.726]x[860186.8419;879395.9741]x[3;730]
read 11056 observations
res: 50 50 1 bw: 2500 2500 14
Decomp: 2 2 32
naive: 8.268027147 speedup:16.61651192
sumload:9.871034558 overhead:1.193880279
partitioning time: 0.019746 seconds
