hostname : cph-gpu4.uncc.edu
bounding: [-130;-65]x[20;50]x[5875;5958]
read 588189 observations
res: 0.1 0.1 1 bw: 5 5 14
Decomp: 8 8 16
naive: 430.2508241 speedup:83.38290902
sumload:788.5607058 overhead:1.832793016
partitioning time: 4.579864 seconds
