hostname : cph-c45.uncc.edu
bounding: [1053872.965;1068485.726]x[860186.8419;879395.9741]x[3;730]
read 11056 observations
res: 50 50 1 bw: 100 100 1
Decomp: 32 32 8
naive: 0.0053159259 speedup:191.4834737
sumload:0.0055259235 overhead:1.039503485
partitioning time: 0.958726 seconds
