hostname : cph-gpu2.uncc.edu
bounding: [-130;-65]x[20;50]x[5875;5958]
read 588189 observations
res: 0.1 0.1 1 bw: 1 1 3
Decomp: 4 4 2
naive: 7.046724289 speedup:6.815968962
sumload:7.421069733 overhead:1.053123328
partitioning time: 0.223978 seconds
