hostname : cph-gpu3.uncc.edu
bounding: [1053872.965;1068485.726]x[860186.8419;879395.9741]x[3;730]
read 11056 observations
res: 50 50 1 bw: 2500 2500 1
Decomp: 16 16 32
naive: 2.038316503 speedup:520.6860756
sumload:2.15828736 overhead:1.058857816
partitioning time: 0.672737 seconds
