hostname : cph-bm1.uncc.edu
bounding: [1053872.965;1068485.726]x[860186.8419;879395.9741]x[3;730]
read 11056 observations
res: 50 50 1 bw: 100 100 1
Decomp: 32 32 16
naive: 0.0053159259 speedup:317.0280236
sumload:0.0056045235 overhead:1.054289244
partitioning time: 1.895299 seconds
