hostname : cph-bm1.uncc.edu
bounding: [-130;-65]x[20;50]x[5875;5958]
read 588189 observations
res: 0.01 0.01 1 bw: 1 1 3
Decomp: 16 16 32
naive: 643.6159509 speedup:125.8706154
sumload:1285.73068 overhead:1.997667519
partitioning time: 50.576657 seconds
