hostname : cph-gpu2.uncc.edu
bounding: [1053872.965;1068485.726]x[860186.8419;879395.9741]x[3;730]
read 11056 observations
res: 50 50 1 bw: 2500 2500 1
Decomp: 4 4 8
naive: 2.038316503 speedup:15.12292661
sumload:2.057511889 overhead:1.009417274
partitioning time: 0.018676 seconds
