hostname : cph-c37.uncc.edu
bounding: [1053872.965;1068485.726]x[860186.8419;879395.9741]x[3;730]
read 11056 observations
res: 100 100 1 bw: 500 500 7
Decomp: 2 2 8
naive: 0.0609225435 speedup:6.16567727
sumload:0.062939471 overhead:1.033106423
partitioning time: 0.005284 seconds
