hostname : cph-gpu2.uncc.edu
bounding: [-130;-65]x[20;50]x[5875;5958]
read 588189 observations
res: 0.01 0.01 1 bw: 1 1 3
Decomp: 16 16 2
naive: 643.6159509 speedup:23.14643983
sumload:677.0676027 overhead:1.051974554
partitioning time: 3.175815 seconds
