hostname : cph-gpu1.uncc.edu
bounding: [-130;-65]x[20;50]x[5875;5958]
read 588189 observations
res: 0.1 0.1 1 bw: 2.5 2.5 7
Decomp: 32 32 16
naive: 67.21899211 speedup:532.5828657
sumload:114.866165 overhead:1.708834979
partitioning time: 103.016978 seconds
