hostname : cph-gpu3.uncc.edu
bounding: [1053872.965;1068485.726]x[860186.8419;879395.9741]x[3;730]
read 11056 observations
res: 100 100 1 bw: 2500 2500 1
Decomp: 8 8 4
naive: 0.5210794803 speedup:30.09542829
sumload:0.5237072878 overhead:1.005043007
partitioning time: 0.022350 seconds
