hostname : cph-gpu1.uncc.edu
bounding: [1053872.965;1068485.726]x[860186.8419;879395.9741]x[3;730]
read 11056 observations
res: 50 50 1 bw: 2500 2500 14
Decomp: 2 2 8
naive: 8.268027147 speedup:6.40778428
sumload:8.585312234 overhead:1.038374945
partitioning time: 0.005062 seconds
