hostname : cph-gpu4.uncc.edu
bounding: [1053872.965;1068485.726]x[860186.8419;879395.9741]x[3;730]
read 11056 observations
res: 50 50 1 bw: 2500 2500 1
Decomp: 4 4 16
naive: 2.038316503 speedup:24.78175783
sumload:2.088334261 overhead:1.024538759
partitioning time: 0.024290 seconds
