hostname : cph-gpu3.uncc.edu
bounding: [-130;-65]x[20;50]x[5875;5958]
read 588189 observations
res: 0.1 0.1 1 bw: 1 1 3
Decomp: 4 4 8
naive: 7.046724289 speedup:17.71257001
sumload:8.779714881 overhead:1.245928537
partitioning time: 0.546415 seconds
