hostname : cph-gpu1.uncc.edu
bounding: [1053872.965;1068485.726]x[860186.8419;879395.9741]x[3;730]
read 11056 observations
res: 50 50 1 bw: 2500 2500 1
Decomp: 2 2 32
naive: 2.038316503 speedup:18.4952728
sumload:2.153033247 overhead:1.056280143
partitioning time: 0.019667 seconds
