hostname : cph-gpu2.uncc.edu
bounding: [-130;-65]x[20;50]x[5875;5958]
read 588189 observations
res: 0.01 0.01 1 bw: 1 1 3
Decomp: 8 8 8
naive: 643.6159509 speedup:28.23765628
sumload:801.5072385 overhead:1.245319103
partitioning time: 3.235089 seconds
