hostname : cph-c37.uncc.edu
bounding: [1053872.965;1068485.726]x[860186.8419;879395.9741]x[3;730]
read 11056 observations
res: 100 100 1 bw: 2500 2500 1
Decomp: 32 32 8
naive: 0.5210794803 speedup:669.063389
sumload:0.544585406 overhead:1.045110058
partitioning time: 1.139366 seconds
