hostname : cph-gpu4.uncc.edu
bounding: [-130;-65]x[20;50]x[5875;5958]
read 588189 observations
res: 0.01 0.01 1 bw: 0.5 0.5 3
Decomp: 32 32 16
naive: 162.5264313 speedup:144.6170754
sumload:242.524513 overhead:1.492215826
partitioning time: 60.540500 seconds
