hostname : cph-gpu2.uncc.edu
bounding: [-130;-65]x[20;50]x[5875;5958]
read 588189 observations
res: 0.1 0.1 1 bw: 2.5 2.5 7
Decomp: 2 2 8
naive: 67.21899211 speedup:7.937524904
sumload:89.78214194 overhead:1.335666292
partitioning time: 0.281280 seconds
