hostname : cph-c22.uncc.edu
bounding: [-130;-65]x[20;50]x[5875;5958]
read 588189 observations
res: 0.5 0.5 1 bw: 1 1 3
Decomp: 8 8 8
naive: 0.4197653131 speedup:31.13444037
sumload:0.5368302095 overhead:1.278881777
partitioning time: 2.590199 seconds
