hostname : cph-c45.uncc.edu
bounding: [1053872.965;1068485.726]x[860186.8419;879395.9741]x[3;730]
read 11056 observations
res: 100 100 1 bw: 500 500 7
Decomp: 8 8 8
naive: 0.0609225435 speedup:36.06307335
sumload:0.0636889705 overhead:1.045408922
partitioning time: 0.062052 seconds
