hostname : cph-gpu3.uncc.edu
bounding: [-130;-65]x[20;50]x[5875;5958]
read 588189 observations
res: 0.01 0.01 1 bw: 1 1 3
Decomp: 2 2 8
naive: 643.6159509 speedup:8.425066189
sumload:801.4913658 overhead:1.245294441
partitioning time: 0.179780 seconds
