hostname : cph-gpu1.uncc.edu
bounding: [-130;-65]x[20;50]x[5875;5958]
read 588189 observations
res: 0.1 0.1 1 bw: 5 5 14
Decomp: 32 32 16
naive: 430.2508241 speedup:1004.636894
sumload:793.7451773 overhead:1.844842898
partitioning time: 108.278878 seconds
