hostname : cph-gpu1.uncc.edu
bounding: [1053872.965;1068485.726]x[860186.8419;879395.9741]x[3;730]
read 11056 observations
res: 50 50 1 bw: 2500 2500 14
Decomp: 32 32 32
naive: 8.268027147 speedup:1790.430136
sumload:10.04919711 overhead:1.215428654
partitioning time: 4.179050 seconds
