hostname : cph-gpu4.uncc.edu
bounding: [-130;-65]x[20;50]x[5875;5958]
read 588189 observations
res: 0.01 0.01 1 bw: 1 1 3
Decomp: 4 4 8
naive: 643.6159509 speedup:17.77261764
sumload:801.4970295 overhead:1.245303241
partitioning time: 0.548583 seconds
