hostname : cph-gpu2.uncc.edu
bounding: [-130;-65]x[20;50]x[5875;5958]
read 588189 observations
res: 0.1 0.1 1 bw: 5 5 14
Decomp: 32 32 2
naive: 430.2508241 speedup:285.7135805
sumload:472.6779834 overhead:1.098610292
partitioning time: 13.531891 seconds
