hostname : cph-gpu1.uncc.edu
bounding: [1053872.965;1068485.726]x[860186.8419;879395.9741]x[3;730]
read 11056 observations
res: 100 100 1 bw: 2500 2500 1
Decomp: 16 16 2
naive: 0.5210794803 speedup:81.07401556
sumload:0.5266337069 overhead:1.010659078
partitioning time: 0.067312 seconds
