hostname : cph-gpu4.uncc.edu
bounding: [-130;-65]x[20;50]x[5875;5958]
read 588189 observations
res: 0.01 0.01 1 bw: 0.5 0.5 3
Decomp: 2 2 8
naive: 162.5264313 speedup:8.382650497
sumload:202.390204 overhead:1.245275629
partitioning time: 0.175021 seconds
