hostname : cph-gpu4.uncc.edu
bounding: [-130;-65]x[20;50]x[5875;5958]
read 588189 observations
res: 0.01 0.01 1 bw: 0.5 0.5 3
Decomp: 16 16 4
naive: 162.5264313 speedup:32.58795608
sumload:180.2709048 overhead:1.109179001
partitioning time: 3.859716 seconds
