hostname : cph-c47.uncc.edu
bounding: [1053872.965;1068485.726]x[860186.8419;879395.9741]x[3;730]
read 11056 observations
res: 100 100 1 bw: 2500 2500 1
Decomp: 4 4 2
naive: 0.5210794803 speedup:6.421973154
sumload:0.5217432909 overhead:1.001273914
partitioning time: 0.005022 seconds
