hostname : cph-gpu2.uncc.edu
bounding: [-130;-65]x[20;50]x[5875;5958]
read 588189 observations
res: 0.01 0.01 1 bw: 1 1 3
Decomp: 32 32 2
naive: 643.6159509 speedup:46.08658096
sumload:677.1316903 overhead:1.052074128
partitioning time: 12.560686 seconds
