hostname : cph-gpu1.uncc.edu
bounding: [-130;-65]x[20;50]x[5875;5958]
read 588189 observations
res: 0.1 0.1 1 bw: 2.5 2.5 7
Decomp: 16 16 8
naive: 67.21899211 speedup:101.0676664
sumload:90.07933295 overhead:1.340087528
partitioning time: 12.956768 seconds
