hostname : cph-gpu3.uncc.edu
bounding: [-130;-65]x[20;50]x[5875;5958]
read 588189 observations
res: 0.1 0.1 1 bw: 1 1 3
Decomp: 8 8 16
naive: 7.046724289 speedup:41.4498005
sumload:10.52287472 overhead:1.49330019
partitioning time: 3.949554 seconds
