hostname : cph-gpu1.uncc.edu
bounding: [-130;-65]x[20;50]x[5875;5958]
read 588189 observations
res: 0.01 0.01 1 bw: 1 1 3
Decomp: 2 2 32
naive: 643.6159509 speedup:17.75091572
sumload:1285.686186 overhead:1.997598387
partitioning time: 1.037449 seconds
