hostname : cph-c47.uncc.edu
bounding: [-130;-65]x[20;50]x[5875;5958]
read 588189 observations
res: 0.1 0.1 1 bw: 5 5 14
Decomp: 2 2 4
naive: 430.2508241 speedup:4.855640356
sumload:512.5839129 overhead:1.191360677
partitioning time: 0.159750 seconds
