hostname : cph-gpu3.uncc.edu
bounding: [-130;-65]x[20;50]x[5875;5958]
read 588189 observations
res: 0.01 0.01 1 bw: 0.5 0.5 3
Decomp: 4 4 2
naive: 162.5264313 speedup:6.739692209
sumload:170.9652831 overhead:1.05192295
partitioning time: 0.138197 seconds
