hostname : cph-gpu2.uncc.edu
bounding: [1053872.965;1068485.726]x[860186.8419;879395.9741]x[3;730]
read 11056 observations
res: 50 50 1 bw: 2500 2500 14
Decomp: 8 8 16
naive: 8.268027147 speedup:74.87285516
sumload:9.075733549 overhead:1.097690342
partitioning time: 0.136864 seconds
