hostname : cph-gpu1.uncc.edu
bounding: [1053872.965;1068485.726]x[860186.8419;879395.9741]x[3;730]
read 11056 observations
res: 100 100 1 bw: 2500 2500 1
Decomp: 8 8 2
naive: 0.5210794803 speedup:21.5412455
sumload:0.5228737438 overhead:1.003443359
partitioning time: 0.017782 seconds
