hostname : cph-gpu4.uncc.edu
bounding: [-130;-65]x[20;50]x[5875;5958]
read 588189 observations
res: 0.01 0.01 1 bw: 0.5 0.5 3
Decomp: 4 4 4
naive: 162.5264313 speedup:10.37769662
sumload:180.2560982 overhead:1.109087899
partitioning time: 0.271794 seconds
