hostname : cph-gpu3.uncc.edu
bounding: [-130;-65]x[20;50]x[5875;5958]
read 588189 observations
res: 0.1 0.1 1 bw: 1 1 3
Decomp: 8 8 2
naive: 7.046724289 speedup:10.58733274
sumload:7.431052696 overhead:1.054540009
partitioning time: 0.498460 seconds
