hostname : cph-gpu3.uncc.edu
bounding: [-130;-65]x[20;50]x[5875;5958]
read 588189 observations
res: 0.01 0.01 1 bw: 0.5 0.5 3
Decomp: 2 2 32
naive: 162.5264313 speedup:17.66642885
sumload:324.6474085 overhead:1.997505303
partitioning time: 0.681573 seconds
