hostname : cph-gpu2.uncc.edu
bounding: [1053872.965;1068485.726]x[860186.8419;879395.9741]x[3;730]
read 11056 observations
res: 100 100 1 bw: 2500 2500 1
Decomp: 16 16 8
naive: 0.5210794803 speedup:178.2201479
sumload:0.5313252989 overhead:1.019662679
partitioning time: 0.267043 seconds
