hostname : cph-gpu4.uncc.edu
bounding: [1053872.965;1068485.726]x[860186.8419;879395.9741]x[3;730]
read 11056 observations
res: 50 50 1 bw: 2500 2500 1
Decomp: 32 32 2
naive: 2.038316503 speedup:314.5243012
sumload:2.057314966 overhead:1.009320664
partitioning time: 0.168188 seconds
