hostname : cph-c22.uncc.edu
bounding: [1053872.965;1068485.726]x[860186.8419;879395.9741]x[3;730]
read 11056 observations
res: 100 100 1 bw: 250 250 1
Decomp: 4 4 8
naive: 0.0102500115 speedup:11.47657633
sumload:0.010394183 overhead:1.014065496
partitioning time: 0.017765 seconds
