hostname : cph-gpu2.uncc.edu
bounding: [-130;-65]x[20;50]x[5875;5958]
read 588189 observations
res: 0.1 0.1 1 bw: 5 5 14
Decomp: 32 32 4
naive: 430.2508241 speedup:417.6470588
sumload:518.2947476 overhead:1.204633945
partitioning time: 26.968300 seconds
