hostname : cph-bm1.uncc.edu
bounding: [1053872.965;1068485.726]x[860186.8419;879395.9741]x[3;730]
read 11056 observations
res: 100 100 1 bw: 250 250 1
Decomp: 2 2 32
naive: 0.0102500115 speedup:17.97493
sumload:0.0108421934 overhead:1.057773779
partitioning time: 0.018677 seconds
