hostname : cph-gpu2.uncc.edu
bounding: [-130;-65]x[20;50]x[5875;5958]
read 588189 observations
res: 0.5 0.5 1 bw: 1 1 3
Decomp: 2 2 8
naive: 0.4197653131 speedup:8.50335842
sumload:0.5214800845 overhead:1.242313427
partitioning time: 0.204045 seconds
