hostname : cph-c45.uncc.edu
bounding: [1053872.965;1068485.726]x[860186.8419;879395.9741]x[3;730]
read 11056 observations
res: 50 50 1 bw: 2500 2500 1
Decomp: 16 16 16
naive: 2.038316503 speedup:301.8081934
sumload:2.093223564 overhead:1.026937456
partitioning time: 0.535928 seconds
