hostname : cph-gpu2.uncc.edu
bounding: [1053872.965;1068485.726]x[860186.8419;879395.9741]x[3;730]
read 11056 observations
res: 100 100 1 bw: 500 500 7
Decomp: 2 2 32
naive: 0.0609225435 speedup:16.23712405
sumload:0.070663847 overhead:1.159896533
partitioning time: 0.019075 seconds
