hostname : cph-c11.uncc.edu
bounding: [1053872.965;1068485.726]x[860186.8419;879395.9741]x[3;730]
read 11056 observations
res: 100 100 1 bw: 500 500 7
Decomp: 32 32 4
naive: 0.0609225435 speedup:186.2842866
sumload:0.0680701244 overhead:1.117322431
partitioning time: 0.523054 seconds
