hostname : cph-gpu2.uncc.edu
bounding: [-130;-65]x[20;50]x[5875;5958]
read 588189 observations
res: 0.5 0.5 1 bw: 1 1 3
Decomp: 32 32 32
naive: 0.4197653131 speedup:305.7262221
sumload:0.9307892827 overhead:2.217403996
partitioning time: 144.852374 seconds
