hostname : cph-c22.uncc.edu
bounding: [-130;-65]x[20;50]x[5875;5958]
read 588189 observations
res: 0.5 0.5 1 bw: 1 1 3
Decomp: 16 16 2
naive: 0.4197653131 speedup:20.86775562
sumload:0.4886129508 overhead:1.164014595
partitioning time: 2.523660 seconds
