hostname : cph-c37.uncc.edu
bounding: [-130;-65]x[20;50]x[5875;5958]
read 588189 observations
res: 0.5 0.5 1 bw: 1 1 3
Decomp: 32 32 8
naive: 0.4197653131 speedup:139.5959355
sumload:0.6311674747 overhead:1.503619892
partitioning time: 39.917214 seconds
