hostname : cph-c11.uncc.edu
bounding: [-130;-65]x[20;50]x[5875;5958]
read 588189 observations
res: 0.01 0.01 1 bw: 0.5 0.5 3
Decomp: 4 4 16
naive: 162.5264313 speedup:25.83860839
sumload:242.4842663 overhead:1.491968194
partitioning time: 1.878525 seconds
