hostname : cph-gpu4.uncc.edu
bounding: [-130;-65]x[20;50]x[5875;5958]
read 588189 observations
res: 0.01 0.01 1 bw: 0.5 0.5 3
Decomp: 4 4 8
naive: 162.5264313 speedup:17.34163906
sumload:202.3929619 overhead:1.245292598
partitioning time: 0.537070 seconds
