hostname : cph-c45.uncc.edu
bounding: [-130;-65]x[20;50]x[5875;5958]
read 588189 observations
res: 0.1 0.1 1 bw: 1 1 3
Decomp: 32 32 8
naive: 7.046724289 speedup:123.3262111
sumload:8.883244969 overhead:1.260620482
partitioning time: 50.823946 seconds
