hostname : cph-gpu4.uncc.edu
bounding: [-130;-65]x[20;50]x[5875;5958]
read 588189 observations
res: 0.01 0.01 1 bw: 1 1 3
Decomp: 16 16 4
naive: 643.6159509 speedup:36.11224636
sumload:713.8634707 overhead:1.109145088
partitioning time: 3.891704 seconds
