hostname : cph-c45.uncc.edu
bounding: [-130;-65]x[20;50]x[5875;5958]
read 588189 observations
res: 0.1 0.1 1 bw: 5 5 14
Decomp: 2 2 32
naive: 430.2508241 speedup:15.5171757
sumload:1150.401413 overhead:2.673792468
partitioning time: 1.148915 seconds
