hostname : cph-bm1.uncc.edu
bounding: [-130;-65]x[20;50]x[5875;5958]
read 588189 observations
res: 0.01 0.01 1 bw: 1 1 3
Decomp: 16 16 8
naive: 643.6159509 speedup:61.52993395
sumload:801.5358597 overhead:1.245363572
partitioning time: 12.649287 seconds
