hostname : cph-c47.uncc.edu
bounding: [-130;-65]x[20;50]x[5875;5958]
read 588189 observations
res: 0.01 0.01 1 bw: 1 1 3
Decomp: 2 2 2
naive: 643.6159509 speedup:3.258593924
sumload:677.0231087 overhead:1.051905422
partitioning time: 0.077147 seconds
