hostname : cph-bm1.uncc.edu
bounding: [-130;-65]x[20;50]x[5875;5958]
read 588189 observations
res: 0.01 0.01 1 bw: 1 1 3
Decomp: 8 8 32
naive: 643.6159509 speedup:57.63879427
sumload:1285.702058 overhead:1.997623049
partitioning time: 12.907198 seconds
