hostname : cph-gpu4.uncc.edu
bounding: [1053872.965;1068485.726]x[860186.8419;879395.9741]x[3;730]
read 11056 observations
res: 100 100 1 bw: 500 500 7
Decomp: 32 32 16
naive: 0.0609225435 speedup:461.7719531
sumload:0.0722653484 overhead:1.186184034
partitioning time: 1.157314 seconds
