hostname : cph-gpu1.uncc.edu
bounding: [-130;-65]x[20;50]x[5875;5958]
read 588189 observations
res: 0.1 0.1 1 bw: 1 1 3
Decomp: 16 16 16
naive: 7.046724289 speedup:88.0248139
sumload:10.55190807 overhead:1.497420311
partitioning time: 25.463809 seconds
