hostname : cph-gpu2.uncc.edu
bounding: [-130;-65]x[20;50]x[5875;5958]
read 588189 observations
res: 0.1 0.1 1 bw: 2.5 2.5 7
Decomp: 32 32 32
naive: 67.21899211 speedup:752.8652762
sumload:163.0532902 overhead:2.425702692
partitioning time: 205.943470 seconds
