hostname : cph-gpu4.uncc.edu
bounding: [1053872.965;1068485.726]x[860186.8419;879395.9741]x[3;730]
read 11056 observations
res: 100 100 1 bw: 250 250 1
Decomp: 32 32 16
naive: 0.0102500115 speedup:356.008249
sumload:0.0111321506 overhead:1.086062255
partitioning time: 1.152123 seconds
