hostname : cph-gpu1.uncc.edu
bounding: [-130;-65]x[20;50]x[5875;5958]
read 588189 observations
res: 0.1 0.1 1 bw: 2.5 2.5 7
Decomp: 4 4 32
naive: 67.21899211 speedup:36.40322389
sumload:162.1720247 overhead:2.412592328
partitioning time: 3.657841 seconds
