hostname : cph-gpu2.uncc.edu
bounding: [-130;-65]x[20;50]x[5875;5958]
read 588189 observations
res: 0.01 0.01 1 bw: 0.5 0.5 3
Decomp: 8 8 8
naive: 162.5264313 speedup:26.93867789
sumload:202.3966815 overhead:1.245315484
partitioning time: 3.198168 seconds
