hostname : cph-c22.uncc.edu
bounding: [1053872.965;1068485.726]x[860186.8419;879395.9741]x[3;730]
read 11056 observations
res: 100 100 1 bw: 250 250 1
Decomp: 8 8 2
naive: 0.0102500115 speedup:18.44950116
sumload:0.0103575002 overhead:1.010486691
partitioning time: 0.016855 seconds
