hostname : cph-gpu3.uncc.edu
bounding: [1053872.965;1068485.726]x[860186.8419;879395.9741]x[3;730]
read 11056 observations
res: 50 50 1 bw: 100 100 1
Decomp: 32 32 2
naive: 0.0053159259 speedup:113.0908505
sumload:0.0054797235 overhead:1.030812619
partitioning time: 0.145133 seconds
