hostname : cph-c11.uncc.edu
bounding: [-130;-65]x[20;50]x[5875;5958]
read 588189 observations
res: 0.01 0.01 1 bw: 0.5 0.5 3
Decomp: 16 16 8
naive: 162.5264313 speedup:55.48944052
sumload:202.4077685 overhead:1.245383701
partitioning time: 13.928945 seconds
