hostname : cph-c37.uncc.edu
bounding: [-130;-65]x[20;50]x[5875;5958]
read 588189 observations
res: 0.1 0.1 1 bw: 1 1 3
Decomp: 32 32 2
naive: 7.046724289 speedup:44.70461276
sumload:7.524599821 overhead:1.067815273
partitioning time: 13.809454 seconds
