hostname : cph-gpu3.uncc.edu
bounding: [-130;-65]x[20;50]x[5875;5958]
read 588189 observations
res: 0.1 0.1 1 bw: 2.5 2.5 7
Decomp: 4 4 8
naive: 67.21899211 speedup:18.56594116
sumload:89.82128311 overhead:1.336248585
partitioning time: 0.592921 seconds
