hostname : cph-gpu3.uncc.edu
bounding: [-130;-65]x[20;50]x[5875;5958]
read 588189 observations
res: 0.1 0.1 1 bw: 2.5 2.5 7
Decomp: 2 2 16
naive: 67.21899211 speedup:11.47781996
sumload:113.9457583 overhead:1.695142321
partitioning time: 0.375834 seconds
