hostname : cph-gpu4.uncc.edu
bounding: [-130;-65]x[20;50]x[5875;5958]
read 588189 observations
res: 0.01 0.01 1 bw: 1 1 3
Decomp: 8 8 2
naive: 643.6159509 speedup:10.42936662
sumload:677.0389815 overhead:1.051930084
partitioning time: 0.502408 seconds
