hostname : cph-c22.uncc.edu
bounding: [1053872.965;1068485.726]x[860186.8419;879395.9741]x[3;730]
read 11056 observations
res: 100 100 1 bw: 250 250 1
Decomp: 8 8 16
naive: 0.0102500115 speedup:62.04457217
sumload:0.0106021082 overhead:1.034350859
partitioning time: 0.132739 seconds
