hostname : cph-gpu2.uncc.edu
bounding: [-130;-65]x[20;50]x[5875;5958]
read 588189 observations
res: 0.01 0.01 1 bw: 0.5 0.5 3
Decomp: 4 4 32
naive: 162.5264313 speedup:36.64419608
sumload:324.6501665 overhead:1.997522272
partitioning time: 3.390240 seconds
