hostname : cph-gpu4.uncc.edu
bounding: [-130;-65]x[20;50]x[5875;5958]
read 588189 observations
res: 0.1 0.1 1 bw: 5 5 14
Decomp: 32 32 8
naive: 430.2508241 speedup:702.5159176
sumload:611.191542 overhead:1.420547057
partitioning time: 33.538831 seconds
