hostname : cph-gpu2.uncc.edu
bounding: [-130;-65]x[20;50]x[5875;5958]
read 588189 observations
res: 0.5 0.5 1 bw: 1 1 3
Decomp: 16 16 4
naive: 0.4197653131 speedup:33.14759563
sumload:0.5113823508 overhead:1.218257762
partitioning time: 4.553314 seconds
