hostname : cph-gpu3.uncc.edu
bounding: [1053872.965;1068485.726]x[860186.8419;879395.9741]x[3;730]
read 11056 observations
res: 50 50 1 bw: 2500 2500 14
Decomp: 16 16 32
naive: 8.268027147 speedup:473.577696
sumload:9.921549218 overhead:1.199989918
partitioning time: 0.672058 seconds
