hostname : cph-gpu3.uncc.edu
bounding: [-130;-65]x[20;50]x[5875;5958]
read 588189 observations
res: 0.01 0.01 1 bw: 1 1 3
Decomp: 16 16 16
naive: 643.6159509 speedup:88.46560856
sumload:960.3156272 overhead:1.492063125
partitioning time: 15.357696 seconds
