hostname : cph-gpu1.uncc.edu
bounding: [-130;-65]x[20;50]x[5875;5958]
read 588189 observations
res: 0.1 0.1 1 bw: 2.5 2.5 7
Decomp: 4 4 16
naive: 67.21899211 speedup:26.33214772
sumload:113.9848995 overhead:1.695724615
partitioning time: 1.832982 seconds
