hostname : cph-gpu1.uncc.edu
bounding: [-130;-65]x[20;50]x[5875;5958]
read 588189 observations
res: 0.1 0.1 1 bw: 5 5 14
Decomp: 16 16 2
naive: 430.2508241 speedup:80.44707934
sumload:468.7043977 overhead:1.089374782
partitioning time: 3.452869 seconds
