hostname : cph-c45.uncc.edu
bounding: [1053872.965;1068485.726]x[860186.8419;879395.9741]x[3;730]
read 11056 observations
res: 100 100 1 bw: 2500 2500 1
Decomp: 2 2 8
naive: 0.5210794803 speedup:6.527691944
sumload:0.5260704549 overhead:1.009578145
partitioning time: 0.005116 seconds
