hostname : cph-gpu2.uncc.edu
bounding: [-130;-65]x[20;50]x[5875;5958]
read 588189 observations
res: 0.01 0.01 1 bw: 1 1 3
Decomp: 4 4 32
naive: 643.6159509 speedup:36.94178268
sumload:1285.691849 overhead:1.997607187
partitioning time: 3.449610 seconds
