hostname : cph-gpu4.uncc.edu
bounding: [1053872.965;1068485.726]x[860186.8419;879395.9741]x[3;730]
read 11056 observations
res: 50 50 1 bw: 2500 2500 1
Decomp: 16 16 8
naive: 2.038316503 speedup:187.8424052
sumload:2.062401192 overhead:1.011815971
partitioning time: 0.169676 seconds
