hostname : cph-gpu4.uncc.edu
bounding: [1053872.965;1068485.726]x[860186.8419;879395.9741]x[3;730]
read 11056 observations
res: 50 50 1 bw: 2500 2500 14
Decomp: 16 16 8
naive: 8.268027147 speedup:186.8974108
sumload:8.635826894 overhead:1.044484584
partitioning time: 0.169737 seconds
