hostname : cph-bm1.uncc.edu
bounding: [1053872.965;1068485.726]x[860186.8419;879395.9741]x[3;730]
read 11056 observations
res: 50 50 1 bw: 100 100 1
Decomp: 2 2 2
naive: 0.0053159259 speedup:2.663930154
sumload:0.0053256154 overhead:1.00182273
partitioning time: 0.001374 seconds
