hostname : cph-c47.uncc.edu
bounding: [-130;-65]x[20;50]x[5875;5958]
read 588189 observations
res: 0.1 0.1 1 bw: 2.5 2.5 7
Decomp: 32 32 8
naive: 67.21899211 speedup:373.8897303
sumload:90.70254859 overhead:1.34935895
partitioning time: 54.109289 seconds
