hostname : cph-gpu4.uncc.edu
bounding: [-130;-65]x[20;50]x[5875;5958]
read 588189 observations
res: 0.1 0.1 1 bw: 5 5 14
Decomp: 8 8 2
naive: 430.2508241 speedup:23.84832387
sumload:467.4935119 overhead:1.08656041
partitioning time: 0.583897 seconds
