hostname : cph-c37.uncc.edu
bounding: [1053872.965;1068485.726]x[860186.8419;879395.9741]x[3;730]
read 11056 observations
res: 100 100 1 bw: 250 250 1
Decomp: 32 32 32
naive: 0.0102500115 speedup:516.4462242
sumload:0.0114531986 overhead:1.117383976
partitioning time: 4.143319 seconds
