hostname : cph-gpu1.uncc.edu
bounding: [-130;-65]x[20;50]x[5875;5958]
read 588189 observations
res: 0.1 0.1 1 bw: 5 5 14
Decomp: 8 8 8
naive: 430.2508241 speedup:58.41161837
sumload:606.0070705 overhead:1.408497175
partitioning time: 3.584173 seconds
