hostname : cph-gpu4.uncc.edu
bounding: [1053872.965;1068485.726]x[860186.8419;879395.9741]x[3;730]
read 11056 observations
res: 100 100 1 bw: 500 500 7
Decomp: 2 2 4
naive: 0.0609225435 speedup:3.73386931
sumload:0.061715435 overhead:1.013014747
partitioning time: 0.001823 seconds
