hostname : cph-gpu2.uncc.edu
bounding: [-130;-65]x[20;50]x[5875;5958]
read 588189 observations
res: 0.1 0.1 1 bw: 1 1 3
Decomp: 32 32 32
naive: 7.046724289 speedup:259.722869
sumload:14.16852111 overhead:2.010653536
partitioning time: 202.636227 seconds
