hostname : cph-gpu3.uncc.edu
bounding: [-130;-65]x[20;50]x[5875;5958]
read 588189 observations
res: 0.1 0.1 1 bw: 5 5 14
Decomp: 2 2 8
naive: 430.2508241 speedup:8.16016252
sumload:605.4807073 overhead:1.407273789
partitioning time: 0.204875 seconds
