hostname : cph-bm1.uncc.edu
bounding: [1053872.965;1068485.726]x[860186.8419;879395.9741]x[3;730]
read 11056 observations
res: 100 100 1 bw: 500 500 7
Decomp: 32 32 8
naive: 0.0609225435 speedup:279.8261379
sumload:0.0692941604 overhead:1.137414107
partitioning time: 0.953831 seconds
