hostname : cph-c22.uncc.edu
bounding: [-130;-65]x[20;50]x[5875;5958]
read 588189 observations
res: 0.5 0.5 1 bw: 1 1 3
Decomp: 4 4 32
naive: 0.4197653131 speedup:38.51714618
sumload:0.827027213 overhead:1.970213324
partitioning time: 2.799994 seconds
