hostname : cph-c47.uncc.edu
bounding: [-130;-65]x[20;50]x[5875;5958]
read 588189 observations
res: 0.1 0.1 1 bw: 1 1 3
Decomp: 4 4 32
naive: 7.046724289 speedup:37.15616714
sumload:14.06499102 overhead:1.99596159
partitioning time: 3.654311 seconds
