hostname : cph-c45.uncc.edu
bounding: [-130;-65]x[20;50]x[5875;5958]
read 588189 observations
res: 0.1 0.1 1 bw: 1 1 3
Decomp: 8 8 32
naive: 7.046724289 speedup:58.7278548
sumload:14.07497398 overhead:1.997378272
partitioning time: 13.032288 seconds
