hostname : cph-c47.uncc.edu
bounding: [-130;-65]x[20;50]x[5875;5958]
read 588189 observations
res: 0.1 0.1 1 bw: 2.5 2.5 7
Decomp: 32 32 2
naive: 67.21899211 speedup:145.1918665
sumload:72.98092841 overhead:1.085718874
partitioning time: 13.448667 seconds
