hostname : cph-c11.uncc.edu
bounding: [1053872.965;1068485.726]x[860186.8419;879395.9741]x[3;730]
read 11056 observations
res: 50 50 1 bw: 2500 2500 1
Decomp: 4 4 4
naive: 2.038316503 speedup:8.794945847
sumload:2.042407945 overhead:1.002007265
partitioning time: 0.010160 seconds
