hostname : cph-gpu4.uncc.edu
bounding: [-130;-65]x[20;50]x[5875;5958]
read 588189 observations
res: 0.1 0.1 1 bw: 1 1 3
Decomp: 2 2 32
naive: 7.046724289 speedup:17.78370458
sumload:14.05928453 overhead:1.995151783
partitioning time: 0.702216 seconds
