hostname : cph-gpu3.uncc.edu
bounding: [-130;-65]x[20;50]x[5875;5958]
read 588189 observations
res: 0.5 0.5 1 bw: 1 1 3
Decomp: 2 2 4
naive: 0.4197653131 speedup:4.897818937
sumload:0.4672282045 overhead:1.113070065
partitioning time: 0.087378 seconds
