hostname : cph-gpu4.uncc.edu
bounding: [-130;-65]x[20;50]x[5875;5958]
read 588189 observations
res: 0.01 0.01 1 bw: 1 1 3
Decomp: 32 32 16
naive: 643.6159509 speedup:189.0834777
sumload:960.3797148 overhead:1.4921627
partitioning time: 60.924543 seconds
