hostname : cph-gpu4.uncc.edu
bounding: [-130;-65]x[20;50]x[5875;5958]
read 588189 observations
res: 0.01 0.01 1 bw: 1 1 3
Decomp: 4 4 4
naive: 643.6159509 speedup:10.45253254
sumload:713.8246404 overhead:1.109084757
partitioning time: 0.276429 seconds
