hostname : cph-gpu2.uncc.edu
bounding: [-130;-65]x[20;50]x[5875;5958]
read 588189 observations
res: 0.5 0.5 1 bw: 1 1 3
Decomp: 2 2 16
naive: 0.4197653131 speedup:12.75066953
sumload:0.6197338885 overhead:1.476381848
partitioning time: 0.400399 seconds
